10,212
10,213
10,177
10,176
10,177
10,177
10,177
10,175
10,176
15,358
15,359
15,359
15,357
15,358
15,359
15,359
15,359
15,358
20,582
20,581
20,605
20,592
20,581
20,580
20,585
20,580
20,580
25,859
25,864
25,859
25,858
25,857
25,865
25,856
25,865
25,857
30,1217
30,1218
30,1213
30,1214
30,1216
30,1230
30,1217
30,1215
30,1214
35,1643
35,1637
35,1662
35,1648
35,1640
35,1638
35,1638
35,1636
35,1638
40,2111
40,2113
40,2111
40,2113
40,2113
40,2125
40,2201
40,2129
40,2128
45,2665
45,2645
45,2664
45,2660
45,2648
45,2648
45,2650
45,2650
45,2686
50,3271
50,3301
50,3276
50,3269
50,3309
50,3291
50,3289
50,3282
50,3264
55,3976
55,3946
55,3951
55,3945
55,3959
55,3961
55,3948
55,3958
55,3995
60,4681
60,4673
60,4668
60,4670
60,4672
60,4672
60,4672
60,4672
60,4670
65,5519
65,5519
65,5518
65,5548
65,5547
65,5529
65,5555
65,5519
65,5532
70,6410
70,6413
70,6401
70,6405
70,6415
70,6417
70,6399
70,6426
70,6400
75,7353
75,7365
75,7354
75,7356
75,7370
75,7352
75,7383
75,7385
75,7353
80,8472
80,8495
80,8472
80,8485
80,8465
80,8469
80,8517
80,8498
80,8491
85,9534
85,9550
85,9548
85,9507
85,9500
85,9499
85,9512
85,9520
85,9493
90,10514
90,10510
90,10513
90,10515
90,10533
90,10499
90,10506
90,10513
90,10513
95,11734
95,11748
95,11780
95,11751
95,11742
95,11758
95,11739
95,11750
95,11736
100,13048
100,13032
100,13040
100,13020
100,13030
100,13026
100,13051
100,13119
100,13030
105,14405
105,14425
105,14416
105,14396
105,14439
105,14416
105,14436
105,14427
105,14431
110,15759
110,15821
110,15765
110,15765
110,15770
110,15745
110,15766
110,15800
110,15773
115,17231
115,17222
115,17224
115,17270
115,17226
115,17218
115,17268
115,17212
115,17240
120,18708
120,18702
120,18682
120,18700
120,18762
120,18689
120,18716
120,18706
120,18704
125,20444
125,20370
125,20351
125,20351
125,20359
125,20431
125,20342
125,20346
125,20359
130,22072
130,22028
130,21973
130,21996
130,22008
130,22025
130,22001
130,21979
130,21985
135,23730
135,23656
135,23621
135,23682
135,23698
135,23681
135,23654
135,23648
135,23681
140,25640
140,25614
140,25656
140,25731
140,25744
140,25606
140,25671
140,25780
140,25676
145,27503
145,27492
145,27739
145,27433
145,27450
145,27453
145,27533
145,27493
145,27610
150,32145
150,29469
150,29465
150,29514
150,29467
150,29537
150,29720
150,29473
150,29433
155,31523
155,31500
155,31470
155,31590
155,31531
155,31477
155,31483
155,31592
155,31524
160,39766
160,39990
160,39754
160,39737
160,39931
160,39755
160,39746
160,40053
160,39738
165,35698
165,35823
165,35727
165,35706
165,35833
165,35749
165,35742
165,35815
165,35734
170,37846
170,38034
170,37854
170,37863
170,37962
170,37888
170,37882
170,37951
170,37812
175,40203
175,40351
175,40210
175,40288
175,40671
175,40252
175,42406
175,40344
175,40283
180,43360
180,42971
180,42646
180,42560
180,42540
180,42563
180,42592
180,42652
180,42522
185,44838
185,44831
185,44832
185,44909
185,44820
185,44824
185,45952
185,44906
185,44861
190,48618
190,47478
190,47578
190,47577
190,48204
190,47549
190,51166
190,47770
190,47641
195,55744
195,55835
195,55541
195,56602
195,55359
195,55548
195,57435
195,55650
195,55500
200,54020
200,53352
200,53459
200,53683
200,53150
200,52797
200,54935
200,52757
200,54033
205,62663
205,62946
205,62537
205,65032
205,62369
205,62569
205,63168
205,63073
205,62974
210,60883
210,58698
210,58923
210,63081
210,59584
210,59128
210,60774
210,58970
210,58742
215,63353
215,61127
215,61515
215,61167
215,61360
215,61235
215,61327
215,61047
215,61317
220,64046
220,64324
220,64142
220,64335
220,64018
220,64311
220,66043
220,64213
220,64282
225,67806
225,68139
225,67821
225,68114
225,67926
225,68127
225,67834
225,68158
225,67836
230,70074
230,69564
230,69835
230,69597
230,70029
230,69596
230,70078
230,70636
230,69902
235,73113
235,73525
235,73315
235,73562
235,73051
235,73452
235,73105
235,73736
235,73129
240,84015
240,83649
240,84103
240,83869
240,84122
240,83700
240,84061
240,83887
240,84154
245,85566
245,86002
245,85577
245,86228
245,85563
245,86077
245,85822
245,88277
245,85555
250,84735
250,84584
250,87337
250,85289
250,85603
250,85055
250,87045
250,84767
250,85320
255,88393
255,86538
255,88611
255,87010
255,87252
255,86720
255,88264
255,86003
255,86434
260,94840
260,92295
260,92658
260,97905
260,94061
260,94226
260,95077
260,92489
260,93902
265,105694
265,103733
265,103644
265,105065
265,103462
265,103586
265,103509
265,105845
265,105468
270,106286
270,105632
270,105617
270,106739
270,105738
270,107268
270,106011
270,106126
270,106721
275,113935
275,115763
275,113563
275,114181
275,113686
275,114006
275,114507
275,113737
275,114511
280,121637
280,120148
280,119728
280,122045
280,120786
280,120195
280,119878
280,120536
280,120453
285,125022
285,125002
285,124578
285,124541
285,124783
285,124570
285,124745
285,124565
285,124841
290,130138
290,129421
290,130112
290,134376
290,130046
290,130186
290,134358
290,131598
290,129995
295,138191
295,136488
295,135583
295,136828
295,135628
295,135747
295,135712
295,135103
295,135614
300,141646
300,141380
300,141341
300,141302
300,140940
300,141271
300,141412
300,140965
300,141547
305,145084
305,145296
305,148842
305,146436
305,144321
305,144945
305,146787
305,144989
305,144247
310,152175
310,152633
310,152577
310,153020
310,152206
310,152355
310,152764
310,152806
310,153132
315,154336
315,154389
315,155325
315,154590
315,155068
315,154909
315,154320
315,155167
315,154314
320,161840
320,160492
320,160607
320,161621
320,161993
320,160690
320,164362
320,162651
320,160308
325,170986
325,168201
325,169294
325,170855
325,169262
325,168655
325,171082
325,168738
325,168774
330,174092
330,174583
330,174803
330,173920
330,174547
330,174507
330,175093
330,173694
330,174036
335,179975
335,180219
335,180622
335,179832
335,180374
335,179833
335,180429
335,181835
335,183072
340,187517
340,184730
340,184331
340,185523
340,189049
340,185347
340,188110
340,185289
340,190011
345,195770
345,193422
345,196325
345,194596
345,201343
345,191492
345,194435
345,201183
345,191935
350,208845
350,198799
350,198629
350,208667
350,204023
350,200230
350,209075
350,196941
350,198381
355,206043
355,211133
355,207242
355,206410
355,203435
355,211842
355,214343
355,204519
355,204500
360,212760
360,210859
360,219572
360,216742
360,219307
360,223391
360,212925
360,216092
360,229859
365,223279
365,222562
365,217816
365,226565
365,217455
365,217523
365,218531
365,218266
365,219359
370,228283
370,225213
370,225992
370,228833
370,234686
370,228843
370,227418
370,226999
370,227043
375,238347
375,235363
375,235475
375,238770
375,235797
375,237087
375,234842
375,236495
375,237825
380,254474
380,249935
380,246318
380,246234
380,247832
380,248366
380,246988
380,248082
380,248247
385,254308
385,256321
385,254690
385,253738
385,255228
385,254372
385,256167
385,253586
385,254980
390,265594
390,269590
390,273270
390,265652
390,263206
390,264383
390,264553
390,265204
390,263831
395,275018
395,275340
395,273395
395,276269
395,272962
395,276103
395,273645
395,273842
395,272544
400,282999
400,284135
400,281245
400,284565
400,282225
400,290717
400,292190
400,281858
400,281837
405,297474
405,293949
405,296719
405,300281
405,299081
405,296676
405,296488
405,294866
405,295249
410,301361
410,300738
410,302152
410,302496
410,302268
410,300516
410,302213
410,300934
410,300704
415,311908
415,318409
415,308484
415,311972
415,311989
415,311862
415,312303
415,330877
415,309529
420,318263
420,319818
420,319459
420,320158
420,318100
420,316970
420,320258
420,316793
420,319178
425,325292
425,326508
425,327471
425,327257
425,327363
425,327687
425,327275
425,326083
425,326559
430,333462
430,333190
430,335723
430,335653
430,335869
430,334406
430,335631
430,333184
430,333175
435,341435
435,344287
435,343740
435,340691
435,341984
435,343689
435,343706
435,344346
435,363139
440,356922
440,353182
440,353032
440,356542
440,355512
440,355801
440,356467
440,351829
440,355260
445,361102
445,360467
445,359086
445,361491
445,360826
445,360629
445,358388
445,361606
445,361045
450,369184
450,369300
450,368824
450,367828
450,369221
450,369192
450,368308
450,366150
450,368593
455,377216
455,377264
455,389646
455,376913
455,379455
455,375315
455,377587
455,374866
455,377593
460,386881
460,387394
460,384190
460,384011
460,394134
460,386536
460,387552
460,386656
460,388981
465,396213
465,403329
465,410032
465,407139
465,415591
465,408689
465,421724
465,421772
465,419067
470,427673
470,413373
470,428346
470,405056
470,415974
470,419113
470,408340
470,414876
470,418953
475,415237
475,419926
475,437535
475,414736
475,414268
475,414793
475,443808
475,416371
475,414072
480,410934
480,413340
480,415654
480,435451
480,413691
480,413119
480,411804
480,412148
480,415489
485,437371
485,434165
485,460036
485,433994
485,428895
485,437902
485,435873
485,435685
485,432993
490,442928
490,439557
490,446350
490,468478
490,442451
490,439707
490,442272
490,445266
490,440630
495,461190
495,454958
495,449895
495,449639
495,452673
495,450258
495,451637
495,451218
495,452776
500,489044
500,464348
500,462250
500,463170
500,459467
500,459214
500,464144
500,459922
500,459493
505,473922
505,471819
505,475377
505,472702
505,471679
505,473509
505,474494
505,471278
505,471744
510,509620
510,493943
510,486173
510,485496
510,483303
510,486906
510,486506
510,485689
510,485290
515,500905
515,503548
515,501780
515,505477
515,504254
515,501033
515,502440
515,500410
515,499645
520,505752
520,508849
520,505886
520,505979
520,507703
520,506649
520,508995
520,530773
520,507427
525,512963
525,512420
525,511431
525,511719
525,512604
525,513583
525,516959
525,534186
525,514959
530,523037
530,522815
530,522107
530,523737
530,527806
530,527307
530,522674
530,527426
530,520644
535,533852
535,535816
535,534592
535,590432
535,666797
535,578374
535,540143
535,536176
535,536912
540,545812
540,548623
540,554196
540,566909
540,587949
540,571492
540,587144
540,553869
540,548292
545,571970
545,589893
545,587493
545,579466
545,589786
545,599776
545,560353
545,590206
545,558375
550,594221
550,591882
550,571686
550,573462
550,597421
550,570800
550,571585
550,571897
550,602832
555,584873
555,588042
555,579903
555,584169
555,587527
555,621971
555,585238
555,579357
555,583290
560,586562
560,589179
560,592255
560,603262
560,595091
560,594128
560,586321
560,586598
560,592303
565,610923
565,608873
565,608911
565,607507
565,609184
565,647198
565,612946
565,607829
565,611713
570,618845
570,623328
570,620734
570,618271
570,620613
570,617905
570,626303
570,624129
570,616481
575,636289
575,677754
575,633817
575,639952
575,632964
575,635000
575,636992
575,630703
575,638036
580,652592
580,645544
580,652283
580,655178
580,645251
580,649263
580,656254
580,672098
580,650432
585,665728
585,663001
585,700789
585,677071
585,665212
585,659470
585,670240
585,668173
585,660740
590,688542
590,682859
590,683382
590,681954
590,685578
590,685855
590,685072
590,679042
590,679003
595,701239
595,699902
595,696266
595,697049
595,698026
595,700543
595,688099
595,701900
595,708791
600,730647
600,761081
600,716594
600,758231
600,729550
600,725991
600,776494
600,744017
600,716219
605,727065
605,724297
605,730574
605,732972
605,749258
605,726134
605,728306
605,731060
605,727363
610,761965
610,753062
610,757921
610,750117
610,744157
610,753902
610,750328
610,751385
610,746960
615,774974
615,778455
615,771126
615,778231
615,769534
615,779833
615,807806
615,775096
615,775512
620,793011
620,792669
620,805078
620,801798
620,800163
620,793523
620,791344
620,803097
620,795083
625,820335
625,822512
625,819244
625,823255
625,834371
625,837772
625,823007
625,846304
625,819305
630,848807
630,863413
630,846667
630,851488
630,855589
630,852054
630,852050
630,855862
630,848978
635,883527
635,885810
635,881278
635,886043
635,888210
635,883968
635,882159
635,881429
635,888773
640,853580
640,851828
640,852851
640,852303
640,847516
640,850509
640,847967
640,847971
640,853125
645,951380
645,958363
645,955509
645,957327
645,947984
645,969232
645,960273
645,957519
645,955425
650,992886
650,989962
650,991224
650,993180
650,992187
650,990338
650,991574
650,993408
650,987367
655,1012308
655,1016961
655,1016138
655,1018425
655,1016168
655,1017078
655,1016804
655,1013748
655,1013485
660,1038274
660,1037469
660,1035253
660,1035390
660,1039289
660,1041906
660,1038935
660,1055144
660,1040732
665,1059590
665,1057255
665,1058097
665,1059544
665,1062323
665,1060083
665,1059703
665,1059075
665,1058688
670,1080552
670,1080024
670,1077935
670,1080540
670,1081292
670,1081785
670,1076581
670,1080296
670,1077370
675,1098011
675,1101160
675,1101369
675,1100249
675,1100718
675,1097187
675,1101917
675,1101190
675,1116627
680,1098152
680,1102340
680,1099422
680,1098158
680,1100882
680,1097746
680,1098241
680,1091014
680,1094791
685,1140447
685,1139973
685,1137952
685,1137256
685,1140041
685,1139687
685,1137975
685,1140412
685,1139784
690,1161609
690,1161997
690,1161687
690,1161115
690,1160955
690,1159768
690,1160982
690,1161278
690,1161971
695,1178641
695,1176205
695,1179318
695,1183802
695,1209223
695,1180389
695,1179388
695,1180460
695,1178413
700,1205569
700,1204968
700,1205193
700,1206698
700,1205527
700,1208507
700,1206676
700,1205980
700,1206005
705,1218616
705,1218925
705,1219120
705,1218989
705,1219002
705,1232511
705,1218596
705,1220582
705,1218823
710,1234918
710,1235170
710,1233927
710,1233859
710,1234582
710,1234898
710,1233806
710,1233603
710,1234298
715,1255022
715,1251539
715,1255438
715,1254772
715,1254454
715,1251974
715,1255695
715,1255892
715,1257603
720,1164180
720,1164514
720,1169688
720,1164504
720,1165796
720,1164090
720,1164540
720,1164513
720,1164385
725,1290096
725,1289810
725,1290206
725,1289483
725,1289545
725,1290024
725,1289834
725,1289540
725,1290591
730,1316565
730,1316987
730,1316556
730,1319203
730,1315947
730,1316809
730,1315517
730,1316122
730,1319455
735,1334094
735,1333754
735,1335761
735,1333960
735,1333073
735,1332808
735,1332677
735,1332479
735,1333279
740,1359186
740,1359288
740,1358463
740,1358715
740,1358935
740,1359427
740,1359497
740,1359067
740,1359996
745,1371795
745,1371202
745,1376953
745,1381145
745,1371370
745,1370936
745,1373093
745,1371673
745,1371616
750,1393605
750,1392496
750,1393538
750,1392169
750,1396707
750,1392596
750,1392271
750,1396013
750,1392579
755,1413846
755,1410576
755,1410636
755,1410146
755,1413012
755,1413045
755,1414169
755,1411651
755,1410095
760,1431910
760,1432498
760,1432361
760,1432280
760,1432262
760,1432678
760,1432055
760,1435923
760,1431795
765,1452792
765,1453043
765,1453612
765,1453432
765,1453733
765,1455646
765,1454430
765,1457089
765,1453628
770,1479820
770,1469096
770,1470119
770,1473657
770,1469428
770,1469582
770,1469082
770,1472664
770,1469043
775,1490612
775,1496957
775,1489699
775,1493491
775,1493955
775,1490226
775,1489985
775,1490028
775,1493511
780,1523912
780,1521382
780,1535846
780,1520815
780,1524614
780,1522166
780,1519559
780,1523019
780,1523134
785,1530907
785,1534314
785,1530854
785,1530769
785,1530423
785,1530371
785,1530108
785,1534038
785,1533816
790,1545153
790,1545696
790,1546418
790,1551672
790,1546689
790,1550343
790,1550181
790,1548846
790,1550997
795,1566708
795,1564910
795,1565275
795,1567852
795,1564129
795,1564648
795,1565166
795,1565199
795,1564936
800,1418526
800,1418659
800,1414985
800,1415834
800,1415286
800,1432909
800,1418966
800,1419742
800,1420857
805,1608415
805,1608801
805,1605999
805,1607753
805,1608247
805,1608536
805,1605459
805,1608020
805,1608896
810,1637494
810,1638276
810,1635163
810,1637492
810,1634435
810,1639313
810,1645363
810,1634301
810,1638245
815,1655276
815,1651780
815,1655640
815,1652549
815,1652264
815,1652534
815,1656022
815,1655868
815,1655831
820,1682714
820,1686216
820,1682708
820,1685776
820,1686001
820,1684298
820,1696136
820,1685859
820,1685777
825,1696373
825,1696295
825,1693470
825,1696824
825,1694074
825,1693314
825,1696135
825,1696094
825,1693039
830,1716513
830,1719571
830,1719976
830,1719403
830,1717290
830,1728305
830,1718185
830,1719757
830,1719668
835,1737850
835,1735102
835,1738754
835,1738713
835,1736776
835,1738022
835,1739035
835,1734632
835,1738189
840,1775332
840,1775718
840,1776144
840,1776049
840,1777369
840,1782575
840,1777271
840,1777214
840,1777196
845,1777467
845,1777283
845,1781467
845,1781249
845,1777506
845,1780976
845,1780930
845,1780691
845,1780747
850,1804115
850,1805104
850,1804425
850,1815753
850,1805102
850,1805056
850,1805486
850,1801768
850,1805010
855,1826084
855,1825350
855,1825023
855,1825774
855,1825235
855,1825487
855,1826185
855,1825406
855,1822282
860,1861166
860,1862650
860,1871492
860,1860907
860,1861958
860,1861880
860,1858543
860,1861484
860,1861050
865,1868017
865,1865579
865,1868890
865,1868469
865,1869206
865,1868841
865,1868349
865,1868480
865,1866353
870,1912296
870,1890538
870,1884945
870,1884781
870,1884494
870,1891403
870,1891114
870,1887079
870,1891207
875,1913198
875,1914017
875,1920654
875,1913596
875,1912110
875,1914210
875,1925410
875,1912525
875,1912880
880,1745153
880,1744756
880,1745582
880,1745353
880,1745059
880,1745407
880,1744182
880,1745912
880,1746367
885,1951152
885,1951713
885,1951767
885,1950474
885,1952142
885,1951996
885,1950572
885,1950357
885,1951248
890,1983540
890,1983111
890,1983048
890,1983642
890,1984712
890,1984097
890,1983471
890,1983757
890,1983794
895,2004189
895,2005595
895,2016595
895,2003754
895,2003701
895,2003567
895,2005989
895,2004014
895,2003647
900,2042317
900,2038594
900,2038931
900,2038749
900,2039306
900,2038584
900,2040392
900,2040994
900,2064592
905,2049086
905,2049734
905,2049878
905,2048871
905,2048794
905,2049337
905,2048989
905,2048873
905,2049299
910,2077736
910,2079557
910,2078279
910,2079331
910,2080575
910,2077381
910,2079719
910,2083591
910,2079475
915,2092586
915,2096162
915,2092789
915,2092101
915,2092350
915,2093217
915,2092686
915,2093024
915,2094339
920,2157321
920,2144345
920,2144183
920,2144268
920,2147966
920,2145173
920,2144226
920,2144231
920,2143921
925,2141854
925,2142059
925,2142041
925,2148011
925,2148987
925,2156251
925,2147017
925,2142691
925,2143625
930,2169824
930,2168944
930,2169534
930,2170212
930,2168868
930,2168577
930,2167978
930,2167815
930,2168469
935,2192193
935,2202759
935,2197977
935,2188871
935,2192931
935,2191500
935,2193895
935,2193264
935,2193088
940,2232684
940,2232964
940,2237394
940,2235990
940,2233897
940,2232442
940,2246969
940,2234094
940,2232084
945,2239763
945,2236650
945,2240428
945,2241122
945,2238977
945,2241684
945,2238193
945,2238157
945,2239345
950,2256366
950,2260446
950,2259290
950,2256571
950,2255516
950,2255097
950,2257844
950,2257848
950,2257232
955,2283867
955,2286497
955,2287307
955,2288539
955,2284364
955,2287337
955,2284312
955,2286882
955,2284706
960,2024070
960,2024727
960,2024982
960,2023053
960,2022982
960,2019944
960,2022955
960,2020357
960,2020872
965,2332042
965,2326357
965,2328971
965,2328902
965,2325734
965,2328484
965,2329583
965,2328480
965,2328306
970,2364398
970,2364670
970,2364860
970,2366447
970,2365506
970,2375091
970,2363929
970,2362969
970,2364701
975,2384060
975,2387759
975,2387743
975,2386270
975,2386427
975,2386755
975,2383398
975,2387022
975,2385158
980,2437522
980,2425448
980,2425656
980,2425381
980,2425379
980,2421986
980,2427349
980,2427194
980,2423853
985,2437446
985,2438702
985,2437456
985,2446585
985,2434184
985,2437368
985,2437034
985,2434200
985,2434026
990,2463721
990,2463833
990,2464182
990,2463776
990,2465987
990,2468270
990,2488055
990,2463853
990,2464618
995,2486535
995,2485425
995,2482315
995,2486368
995,2486025
995,2484136
995,2485184
995,2484179
995,2482212
1000,2548026
1000,2541067
1000,2540378
1000,2541492
1000,2541353
1000,2540248
1000,2537702
1000,2541047
1000,2540309
