10,771
10,711
10,635
10,666
10,627
10,627
10,635
10,632
10,635
15,1211
15,1211
15,1222
15,1228
15,1218
15,1234
15,1237
15,1241
15,1236
20,2027
20,2042
20,2027
20,2102
20,2142
20,2091
20,2139
20,2089
20,2087
25,3147
25,3135
25,3130
25,3009
25,3012
25,3009
25,3111
25,3114
25,3112
30,4423
30,4421
30,4429
30,4296
30,4298
30,4294
30,4316
30,4332
30,4323
35,5918
35,5937
35,5917
35,5890
35,5900
35,5892
35,5865
35,5872
35,5871
40,7663
40,7645
40,7663
40,7397
40,7386
40,7398
40,7454
40,7450
40,7498
45,9323
45,9298
45,9297
45,9332
45,9351
45,9336
45,9459
45,9459
45,9446
50,11480
50,11460
50,11476
50,10879
50,10874
50,10887
50,11432
50,11443
50,11425
55,13748
55,13731
55,13743
55,13831
55,13838
55,13824
55,13586
55,13582
55,13594
60,16506
60,16426
60,16458
60,16335
60,16336
60,16340
60,16049
60,16022
60,16016
65,18859
65,18827
65,19025
65,19311
65,19369
65,19374
65,19072
65,19099
65,19099
70,21855
70,21845
70,21851
70,21947
70,21859
70,21869
70,21274
70,21300
70,21292
75,24998
75,24963
75,25000
75,25530
75,25544
75,25549
75,25057
75,25014
75,24990
80,28384
80,28450
80,28413
80,28412
80,28402
80,28412
80,28970
80,28951
80,28976
85,32067
85,32058
85,32010
85,32094
85,32014
85,32021
85,32949
85,32704
85,33381
90,36824
90,35880
90,37124
90,36982
90,36740
90,36971
90,38789
90,36632
90,36624
95,41089
95,39613
95,39577
95,40803
95,40889
95,40803
95,40809
95,40879
95,40811
100,44748
100,44782
100,44750
100,45185
100,45276
100,45194
100,44287
100,44357
100,44273
105,49198
105,49299
105,49236
105,48754
105,48728
105,48712
105,49721
105,49739
105,49718
110,54476
110,54535
110,54459
110,53456
110,53391
110,53421
110,54478
110,54770
110,54484
115,58443
115,58359
115,58400
115,59527
115,59565
115,59521
115,59003
115,58938
115,58992
120,63472
120,63624
120,63479
120,64899
120,64810
120,64846
120,63483
120,63618
120,63482
125,70559
125,70437
125,70527
125,70451
125,70510
125,70434
125,69865
125,69736
125,69801
130,76060
130,76122
130,76035
130,75348
130,75263
130,75370
130,75266
130,75401
130,75282
135,81225
135,81073
135,81266
135,81884
135,82012
135,82002
135,81976
135,81933
135,82016
140,88214
140,88341
140,88224
140,87415
140,87370
140,87574
140,88212
140,88306
140,88211
145,93577
145,93479
145,93598
145,94428
145,94539
145,94440
145,93594
145,93505
145,93625
150,101271
150,101309
150,101231
150,101271
150,101273
150,101266
150,99182
150,99251
150,99173
155,107954
155,107912
155,107928
155,107964
155,107939
155,107920
155,105808
155,105815
155,105816
160,114373
160,114342
160,114340
160,114348
160,114354
160,114331
160,115466
160,115494
160,115459
165,122289
165,122255
165,122252
165,121385
165,121036
165,121026
165,122416
165,122235
165,122291
170,129840
170,129871
170,129887
170,127319
170,127226
170,127286
170,129905
170,129846
170,129837
175,134770
175,134811
175,134842
175,137747
175,137472
175,137574
175,136196
175,136159
175,136173
180,144113
180,144137
180,144184
180,141212
180,141160
180,141160
180,144154
180,144933
180,144331
185,155671
185,153694
185,153966
185,154131
185,152128
185,152143
185,154209
185,152153
185,152150
190,162080
190,162039
190,162075
190,162152
190,162060
190,162000
190,162012
190,162028
190,162037
195,170705
195,170653
195,170705
195,170682
195,170652
195,170744
195,170659
195,170616
195,170657
200,178001
200,177978
200,178010
200,179767
200,179721
200,179772
200,180063
200,179792
200,179813
205,188660
205,188653
205,188607
205,188631
205,188663
205,188627
205,187530
205,186718
205,186702
210,197950
210,197966
210,197924
210,197957
210,197985
210,197941
210,198079
210,195982
210,196043
215,207423
215,205656
215,205544
215,205542
215,205583
215,205566
215,205563
215,205666
215,205524
220,217237
220,217112
220,217294
220,217158
220,217298
220,217165
220,217098
220,215003
220,215043
225,227156
225,226959
225,229050
225,229026
225,227381
225,231401
225,230137
225,227016
225,227018
230,237550
230,237558
230,237532
230,235197
230,235164
230,235168
230,237452
230,237776
230,237546
235,246819
235,244896
235,244895
235,244887
235,244925
235,244946
235,249245
235,247337
235,247309
240,259268
240,259256
240,259272
240,259227
240,259208
240,259239
240,256627
240,256615
240,256627
245,263686
245,263662
245,263645
245,270478
245,269045
245,269055
245,271225
245,269054
245,270223
250,279875
250,277967
250,277955
250,282804
250,280823
250,280742
250,280692
250,280702
250,280639
255,291774
255,291673
255,291691
255,291698
255,291670
255,292122
255,293622
255,291854
255,291723
260,305039
260,303134
260,303154
260,305065
260,303075
260,303164
260,303120
260,303045
260,303109
265,314935
265,314637
265,314598
265,314719
265,314641
265,314623
265,314707
265,314724
265,314657
270,326703
270,326712
270,328357
270,326791
270,326743
270,326725
270,320287
270,320195
270,320239
275,338878
275,338774
275,338742
275,335452
275,335503
275,335364
275,337380
275,335400
275,335476
280,350487
280,347833
280,347901
280,353229
280,354019
280,351400
280,351434
280,357040
280,355398
285,363503
285,363548
285,363593
285,363557
285,363518
285,363511
285,363520
285,363529
285,363517
290,376990
290,377420
290,377284
290,377005
290,376838
290,376928
290,376802
290,376918
290,378579
295,385942
295,385926
295,385706
295,385791
295,385696
295,385899
295,385982
295,385880
295,385738
300,403693
300,403738
300,403678
300,403703
300,403720
300,403695
300,400211
300,399666
300,399716
305,416979
305,417914
305,417043
305,417065
305,417076
305,417144
305,417070
305,417169
305,417040
310,430822
310,430965
310,430825
310,430964
310,430870
310,430972
310,430827
310,430771
310,430812
315,445021
315,444967
315,445007
315,444908
315,447277
315,445031
315,445021
315,445068
315,444961
320,462332
320,462085
320,462287
320,462310
320,462195
320,462352
320,465569
320,462279
320,464949
325,480863
325,473436
325,473473
325,468798
325,468828
325,468778
325,468838
325,468724
325,468828
330,488453
330,488501
330,488341
330,483414
330,483452
330,483563
330,488336
330,488442
330,490697
335,503481
335,503465
335,503487
335,498550
335,499182
335,498574
335,503604
335,503634
335,503571
340,513725
340,513925
340,513892
340,519081
340,518866
340,519085
340,519020
340,518987
340,519100
345,533943
345,534017
345,533842
345,533955
345,533931
345,533954
345,533817
345,533990
345,533857
350,549551
350,549556
350,549514
350,549544
350,549587
350,552346
350,543951
350,544993
350,544010
355,565377
355,565279
355,567828
355,565243
355,565366
355,565390
355,565262
355,565336
355,565282
360,552716
360,553225
360,553779
360,570236
360,570058
360,570155
360,581740
360,581736
360,581831
365,598591
365,598608
365,598608
365,593474
365,593302
365,592439
365,599912
365,598677
365,598909
370,616364
370,615216
370,615078
370,616371
370,615037
370,615107
370,615024
370,615176
370,615252
375,632030
375,631921
375,632144
375,625466
375,625674
375,625766
375,632226
375,632145
375,632005
380,649581
380,650493
380,652862
380,643130
380,666413
380,694160
380,657303
380,649910
380,651340
385,667924
385,667085
385,667533
385,668356
385,666981
385,666999
385,668134
385,667096
385,667018
390,678280
390,678363
390,678359
390,685188
390,687554
390,684960
390,685325
390,685099
390,685983
395,703938
395,702727
395,702714
395,703775
395,702828
395,702635
395,703872
395,702865
395,703672
400,722998
400,723047
400,723199
400,715847
400,715823
400,715862
400,722995
400,723067
400,723134
405,740065
405,739331
405,742372
405,740348
405,742486
405,739226
405,751649
405,739446
405,739295
410,758466
410,758816
410,757876
410,749835
410,750006
410,750146
410,742330
410,742373
410,742376
415,776067
415,776338
415,776118
415,776287
415,776195
415,776284
415,777329
415,775856
415,779331
420,796097
420,795643
420,795697
420,795408
420,795845
420,795990
420,787551
420,787533
420,787959
425,814343
425,814055
425,814181
425,798119
425,797970
425,799143
425,817458
425,813988
425,820194
430,840257
430,836676
430,833120
430,833401
430,833496
430,833036
430,825199
430,825125
430,824945
435,852642
435,854284
435,860561
435,853913
435,852942
435,852331
435,844500
435,847560
435,846454
440,875142
440,873983
440,874214
440,865518
440,865426
440,865077
440,875132
440,873778
440,874067
445,892891
445,892661
445,893661
445,894007
445,892718
445,896515
445,894337
445,899163
445,892830
450,920200
450,914047
450,913404
450,904214
450,904376
450,904325
450,913654
450,913704
450,913358
455,933712
455,935184
455,933416
455,933637
455,937552
455,933949
455,923927
455,924365
455,924587
460,955080
460,955278
460,955231
460,957864
460,971134
460,956249
460,955636
460,955642
460,954088
465,975655
465,979279
465,979363
465,979053
465,965393
465,965608
465,975506
465,975112
465,975245
470,996651
470,997191
470,996990
470,996727
470,996938
470,997064
470,996912
470,996664
470,996643
475,1018292
475,1021564
475,1018863
475,1017434
475,1017915
475,1018026
475,1018325
475,1018836
475,1018525
480,1042571
480,1043400
480,1043107
480,1043560
480,1051534
480,1043589
480,1040866
480,1036128
480,1032532
485,1061558
485,1062388
485,1062615
485,1041547
485,1041145
485,1040762
485,1061616
485,1062474
485,1061938
490,1089361
490,1086271
490,1083911
490,1084970
490,1085115
490,1084869
490,1073959
490,1074049
490,1097080
495,1110606
495,1106462
495,1106361
495,1107327
495,1114539
495,1108794
495,1107396
495,1119584
495,1105851
500,1129619
500,1130136
500,1129415
500,1118867
500,1118615
500,1118551
500,1130252
500,1133596
500,1129484
505,1152994
505,1154815
505,1152117
505,1149517
505,1152354
505,1152214
505,1149819
505,1152093
505,1152751
510,1177533
510,1179833
510,1175388
510,1183191
510,1175579
510,1179485
510,1179075
510,1175951
510,1175910
515,1198314
515,1199252
515,1198741
515,1214201
515,1221102
515,1198373
515,1198925
515,1199342
515,1202201
520,1224656
520,1223649
520,1224766
520,1224912
520,1223860
520,1228050
520,1226089
520,1223423
520,1289719
525,1310280
525,1246990
525,1249065
525,1269604
525,1247248
525,1246506
525,1249766
525,1248582
525,1246508
530,1244094
530,1249968
530,1247175
530,1272224
530,1272353
530,1271478
530,1271613
530,1275285
530,1272332
535,1295112
535,1296559
535,1296698
535,1296469
535,1295409
535,1303063
535,1301265
535,1297407
535,1306839
540,1323149
540,1322238
540,1322593
540,1310302
540,1309530
540,1311406
540,1322028
540,1320975
540,1325209
545,1348328
545,1347233
545,1347325
545,1346725
545,1346433
545,1351946
545,1346278
545,1348473
545,1346666
550,1381103
550,1374538
550,1372012
550,1375752
550,1370802
550,1374617
550,1372298
550,1372406
550,1372598
555,1397571
555,1396138
555,1405351
555,1397992
555,1397894
555,1396705
555,1384638
555,1382705
555,1383350
560,1428149
560,1430143
560,1431535
560,1428528
560,1439356
560,1427651
560,1434807
560,1447939
560,1429335
565,1451430
565,1454263
565,1449883
565,1450959
565,1450860
565,1448654
565,1460492
565,1452716
565,1452279
570,1476771
570,1478858
570,1477062
570,1478120
570,1479393
570,1477108
570,1580086
570,1473546
570,1465646
575,1530137
575,1508930
575,1505558
575,1508929
575,1523063
575,1507314
575,1507859
575,1511383
575,1506384
580,1535803
580,1545287
580,1539253
580,1520652
580,1522395
580,1523955
580,1538492
580,1542298
580,1543629
585,1571703
585,1566391
585,1580813
585,1554715
585,1552179
585,1552717
585,1551182
585,1549348
585,1549125
590,1587470
590,1581795
590,1577729
590,1597277
590,1602547
590,1594980
590,1594998
590,1593351
590,1596489
595,1635343
595,1633859
595,1628124
595,1649045
595,1632258
595,1627695
595,1627935
595,1682340
595,1626677
600,1663209
600,1687118
600,1659929
600,1659551
600,1665904
600,1664162
600,1668376
600,1659751
600,1652555
605,1702194
605,1696232
605,1688453
605,1710686
605,1688844
605,1693765
605,1690977
605,1695340
605,1687363
610,1707322
610,1709827
610,1713798
610,1732652
610,1724291
610,1731435
610,1722295
610,1721963
610,1727166
615,1766405
615,1762446
615,1780879
615,1766719
615,1762013
615,1763080
615,1761112
615,1754006
615,1758370
620,1803814
620,1803676
620,1798031
620,1800790
620,1801120
620,1800016
620,1785088
620,1789315
620,1786869
625,1832859
625,1857993
625,1840748
625,1838018
625,1837038
625,1839353
625,1840639
625,1840155
625,1834570
630,1886507
630,1885285
630,1888627
630,1881686
630,1881172
630,1886347
630,1882906
630,1882559
630,1908842
635,1941487
635,1936365
635,1931525
635,1932422
635,1932514
635,1930847
635,1932158
635,1932525
635,1932527
640,1964867
640,1960772
640,1964249
640,1970649
640,1965839
640,1960467
640,1988878
640,1962811
640,1963026
645,2033676
645,2033749
645,2034636
645,2034467
645,2033800
645,2037377
645,2035967
645,2033748
645,2044552
650,2112013
650,2086898
650,2092447
650,2091515
650,2087996
650,2088178
650,2086334
650,2086896
650,2086342
655,2126225
655,2125964
655,2125530
655,2125969
655,2125844
655,2129304
655,2104519
655,2105048
655,2107698
660,2161812
660,2164027
660,2162082
660,2162556
660,2163140
660,2163246
660,2140901
660,2142464
660,2141622
665,2202844
665,2202990
665,2201113
665,2201370
665,2214962
665,2202236
665,2201399
665,2202290
665,2200954
670,2237084
670,2237572
670,2237465
670,2236524
670,2237343
670,2240499
670,2236999
670,2236852
670,2239090
675,2254836
675,2254951
675,2253320
675,2276483
675,2277226
675,2278633
675,2276952
675,2277476
675,2276701
680,2318802
680,2318827
680,2318194
680,2295577
680,2294597
680,2295902
680,2317899
680,2317525
680,2317542
685,2348504
685,2348076
685,2348556
685,2347393
685,2348912
685,2349349
685,2347858
685,2349684
685,2348441
690,2384364
690,2384581
690,2384817
690,2384067
690,2384658
690,2384255
690,2385435
690,2384994
690,2385893
695,2421652
695,2421014
695,2422467
695,2420936
695,2421263
695,2422018
695,2421369
695,2420492
695,2421139
700,2456614
700,2456470
700,2456959
700,2458174
700,2456409
700,2457083
700,2456431
700,2457275
700,2456520
705,2494592
705,2494707
705,2494793
705,2494862
705,2493759
705,2502690
705,2500924
705,2495601
705,2497163
710,2530453
710,2529669
710,2530149
710,2504947
710,2505183
710,2506072
710,2504758
710,2505274
710,2505391
715,2570124
715,2568346
715,2568827
715,2567937
715,2568405
715,2568141
715,2567801
715,2568945
715,2567910
720,2581712
720,2581988
720,2582804
720,2608676
720,2608837
720,2620704
720,2607870
720,2608079
720,2608490
725,2639323
725,2639788
725,2639633
725,2613308
725,2612994
725,2613900
725,2639455
725,2651844
725,2639558
730,2677188
730,2677591
730,2677142
730,2677160
730,2678626
730,2677736
730,2677163
730,2691059
730,2677894
735,2716328
735,2716429
735,2715315
735,2714961
735,2714167
735,2714878
735,2715097
735,2715368
735,2715997
740,2752635
740,2751371
740,2751441
740,2752980
740,2751630
740,2750945
740,2751291
740,2751199
740,2751579
745,2757126
745,2757104
745,2757440
745,2784313
745,2783936
745,2788418
745,2784506
745,2783966
745,2784431
750,2827481
750,2826759
750,2828314
750,2828693
750,2827103
750,2827167
750,2833486
750,2827221
750,2826849
755,2867565
755,2866418
755,2866595
755,2867066
755,2867746
755,2868086
755,2866602
755,2867424
755,2867924
760,2918683
760,2918131
760,2918600
760,2918364
760,2917756
760,2918532
760,2919459
760,2918720
760,2918216
765,2957117
765,2944332
765,2944233
765,2944745
765,2944357
765,2945388
765,2944446
765,2945133
765,2945678
770,2981694
770,2981588
770,2981942
770,2982530
770,2981957
770,2982374
770,2981099
770,2981858
770,2982892
775,3019869
775,3020006
775,3019556
775,3018934
775,3019681
775,3019161
775,3020104
775,3019259
775,3019227
780,3067108
780,3060669
780,3057823
780,3069896
780,3058388
780,3058553
780,3058206
780,3058752
780,3057589
785,3101163
785,3100531
785,3100100
785,3100190
785,3099792
785,3100195
785,3099738
785,3099948
785,3099781
790,3137256
790,3137987
790,3138536
790,3106713
790,3106164
790,3106530
790,3137830
790,3138063
790,3137838
795,3180489
795,3180815
795,3180760
795,3180016
795,3180866
795,3192345
795,3181243
795,3180366
795,3180538
800,3159539
800,3159851
800,3159570
800,3225768
800,3224241
800,3224651
800,3235878
800,3224324
800,3224521
805,3255912
805,3256468
805,3256301
805,3257167
805,3256878
805,3256692
805,3233360
805,3223547
805,3224306
810,3300980
810,3301880
810,3300621
810,3301774
810,3301200
810,3301808
810,3313148
810,3301352
810,3302274
815,3342220
815,3343117
815,3342379
815,3343560
815,3342281
815,3342532
815,3354444
815,3342401
815,3342181
820,3384459
820,3384260
820,3383525
820,3395187
820,3384837
820,3383946
820,3350828
820,3349985
820,3350419
825,3423940
825,3424703
825,3424069
825,3425738
825,3425188
825,3424041
825,3434656
825,3424470
825,3424759
830,3464227
830,3464121
830,3465408
830,3464286
830,3464920
830,3464661
830,3475980
830,3464991
830,3464929
835,3511593
835,3508743
835,3509619
835,3509021
835,3509096
835,3508589
835,3508876
835,3508092
835,3508637
840,3569963
840,3571679
840,3577477
840,3570165
840,3569996
840,3576590
840,3570569
840,3569837
840,3570448
845,3591039
845,3592749
845,3591532
845,3591464
845,3598980
845,3592451
845,3592140
845,3591716
845,3591826
850,3634187
850,3633969
850,3634785
850,3646102
850,3633679
850,3633697
850,3634708
850,3633838
850,3634045
855,3677816
855,3677028
855,3677933
855,3677280
855,3677143
855,3677029
855,3677199
855,3678279
855,3677304
860,3684113
860,3684572
860,3684135
860,3720110
860,3721162
860,3721095
860,3721129
860,3722790
860,3721915
865,3727689
865,3727688
865,3727289
865,3764600
865,3765480
865,3764314
865,3765961
865,3764997
865,3765450
870,3819699
870,3807596
870,3807207
870,3768550
870,3768982
870,3769925
870,3806660
870,3806469
870,3815969
875,3856178
875,3857368
875,3856483
875,3860227
875,3866095
875,3856310
875,3856862
875,3866604
875,3856707
880,3903828
880,3903631
880,3904925
880,3863981
880,3865221
880,3864339
880,3903614
880,3904180
880,3902980
885,3938550
885,3939687
885,3938697
885,3938690
885,3939228
885,3938131
885,3939699
885,3938763
885,3939073
890,3984715
890,3985771
890,3984570
890,3997541
890,3985507
890,3985368
890,3985920
890,3987069
890,3985976
895,4033142
895,4040980
895,4030930
895,4031449
895,4030529
895,4031537
895,4031291
895,4029582
895,4030244
900,4079155
900,4077258
900,4078047
900,4078173
900,4078795
900,4077477
900,4076520
900,4077309
900,4077738
905,4121864
905,4121750
905,4122161
905,4122782
905,4122899
905,4122569
905,4122104
905,4122529
905,4121956
910,4169007
910,4178223
910,4168310
910,4166680
910,4167081
910,4168093
910,4166952
910,4168229
910,4167822
915,4215994
915,4215955
915,4228444
915,4215849
915,4216228
915,4216495
915,4216084
915,4217310
915,4217125
920,4290131
920,4290216
920,4289684
920,4289958
920,4290861
920,4290975
920,4248602
920,4260710
920,4247491
925,4308858
925,4310081
925,4319753
925,4307068
925,4308797
925,4308878
925,4307444
925,4307140
925,4307069
930,4351700
930,4350112
930,4350631
930,4351614
930,4350752
930,4350943
930,4351560
930,4351913
930,4350540
935,4402028
935,4414876
935,4401980
935,4400892
935,4402089
935,4401808
935,4401596
935,4402494
935,4414442
940,4404025
940,4403086
940,4404659
940,4447826
940,4447567
940,4447873
940,4460076
940,4448891
940,4449038
945,4497632
945,4497093
945,4497285
945,4497638
945,4508665
945,4497689
945,4496621
945,4496870
945,4497988
950,4542050
950,4553963
950,4542831
950,4542477
950,4542811
950,4540934
950,4496783
950,4497203
950,4507878
955,4595135
955,4595641
955,4605774
955,4596003
955,4596456
955,4595163
955,4600551
955,4595048
955,4596433
960,4658995
960,4659323
960,4659686
960,4661308
960,4660444
960,4662087
960,4661431
960,4659197
960,4660019
965,4694249
965,4694376
965,4691122
965,4690764
965,4690172
965,4690797
965,4689905
965,4690044
965,4690671
970,4736667
970,4740689
970,4735964
970,4735264
970,4748612
970,4735888
970,4735767
970,4735596
970,4734875
975,4737353
975,4737695
975,4738029
975,4786668
975,4786070
975,4784956
975,4737794
975,4737750
975,4739015
980,4837589
980,4837935
980,4836278
980,4837223
980,4837302
980,4837253
980,4837434
980,4838078
980,4847099
985,4883516
985,4884342
985,4884011
985,4884207
985,4884572
985,4884369
985,4883852
985,4882742
985,4883457
990,4937546
990,4931049
990,4931261
990,4929910
990,4930736
990,4931175
990,4943182
990,4931338
990,4931821
995,4987862
995,4987577
995,4987740
995,4999554
995,4987267
995,4998406
995,4986914
995,4987171
995,4988349
1000,5067845
1000,5067410
1000,5068689
1000,5067673
1000,5068377
1000,5066313
1000,5068146
1000,5066637
1000,5068350
