10,728
10,644
10,641
10,637
10,634
10,636
10,639
10,644
10,632
15,1490
15,1416
15,1230
15,1554
15,1468
15,1266
15,1514
15,1431
15,1254
20,2478
20,2089
20,2039
20,2426
20,2055
20,1996
20,2441
20,1989
20,1987
25,3820
25,3157
25,3145
25,3674
25,3128
25,3009
25,3710
25,3069
25,3072
30,4421
30,4421
30,4412
30,5077
30,4321
30,4324
30,5006
30,4241
30,4252
35,6471
35,6018
35,6055
35,6076
35,5884
35,5884
35,6381
35,5917
35,5916
40,7692
40,7549
40,7552
40,7452
40,7438
40,7456
40,7429
40,7446
40,7426
45,9522
45,9519
45,9510
45,9159
45,9166
45,9197
45,9370
45,9340
45,9384
50,11597
50,11590
50,11581
50,11283
50,11272
50,11268
50,11247
50,11221
50,11222
55,13798
55,13765
55,13766
55,13879
55,13796
55,13799
55,13244
55,13255
55,13254
60,16141
60,16136
60,16139
60,16308
60,16631
60,16320
60,15981
60,15967
60,15965
65,18551
65,18505
65,18526
65,19129
65,19074
65,19058
65,18943
65,18976
65,18958
70,22126
70,22133
70,22107
70,21880
70,21844
70,21840
70,22172
70,22171
70,22168
75,25013
75,24997
75,25005
75,25251
75,25259
75,25275
75,25555
75,25542
75,25523
80,28507
80,28385
80,28464
80,28476
80,28398
80,28716
80,28415
80,28463
80,28432
85,32686
85,32692
85,32696
85,32332
85,32330
85,32353
85,32354
85,32419
85,32311
90,36604
90,36580
90,36609
90,36314
90,36286
90,36303
90,36624
90,36594
90,36610
95,40880
95,40812
95,40808
95,40098
95,39967
95,40011
95,40510
95,40521
95,40389
100,44747
100,44745
100,44721
100,44736
100,44737
100,44752
100,44282
100,44310
100,44289
105,49705
105,49714
105,49737
105,49713
105,49703
105,49688
105,49231
105,49195
105,49215
110,54477
110,54556
110,54541
110,54498
110,54519
110,54507
110,54014
110,53985
110,53981
115,59562
115,59600
115,59641
115,59625
115,59592
115,59576
115,59612
115,59607
115,59605
120,63556
120,63575
120,63542
120,64857
120,64841
120,64871
120,64917
120,64831
120,64906
125,69876
125,69778
125,69835
125,69775
125,69833
125,69820
125,70458
125,70516
125,70475
130,74640
130,74595
130,74596
130,75300
130,75365
130,75328
130,73733
130,75190
130,73042
135,79475
135,78719
135,78799
135,82052
135,82043
135,82104
135,81261
135,81265
135,81488
140,88366
140,88365
140,88308
140,87454
140,87452
140,87445
140,88342
140,88611
140,89283
145,93857
145,93605
145,93868
145,93561
145,93629
145,93620
145,92664
145,92690
145,92710
150,100194
150,100243
150,100197
150,100233
150,100210
150,100168
150,101197
150,101205
150,101192
155,107812
155,107842
155,107904
155,107824
155,107812
155,107844
155,106791
155,106807
155,106805
160,114184
160,114208
160,114241
160,115338
160,115382
160,115428
160,115327
160,115342
160,115335
165,120830
165,120879
165,120842
165,122065
165,122061
165,122045
165,122054
165,122065
165,122056
170,129640
170,129603
170,129635
170,128336
170,128328
170,128306
170,128335
170,128346
170,128321
175,137311
175,137338
175,137310
175,136022
175,135958
175,135960
175,137331
175,137310
175,137283
180,143884
180,143869
180,143829
180,143847
180,143876
180,143842
180,143849
180,143857
180,143851
185,153369
185,153414
185,153400
185,153372
185,153449
185,153368
185,150328
185,150311
185,150318
190,160139
190,160146
190,160152
190,161761
190,161757
190,161766
190,161735
190,161738
190,161751
195,170327
195,170342
195,170335
195,168685
195,168670
195,168672
195,168644
195,168672
195,168607
200,179404
200,180102
200,179440
200,175881
200,175855
200,175864
200,177640
200,177646
200,177634
205,189776
205,184962
205,184866
205,186369
205,186396
205,186402
205,186414
205,186431
205,186394
210,197599
210,197609
210,197591
210,197597
210,197595
210,197585
210,197565
210,197567
210,197627
215,207253
215,207234
215,207250
215,205146
215,205172
215,205165
215,207275
215,207228
215,207271
220,214605
220,214614
220,214600
220,216773
220,216796
220,216752
220,214617
220,214913
220,214612
225,226559
225,226551
225,226590
225,222038
225,222042
225,222032
225,226614
225,226547
225,226551
230,234778
230,234733
230,234696
230,237072
230,237088
230,237095
230,232352
230,232350
230,232304
235,246891
235,246893
235,246881
235,246892
235,246879
235,246887
235,246921
235,246871
235,246842
240,258824
240,258739
240,258755
240,258716
240,258781
240,264534
240,253606
240,253585
240,253597
245,265845
245,265812
245,265866
245,268492
245,268553
245,268490
245,268513
245,268512
245,268519
250,280262
250,280200
250,280249
250,280231
250,280237
250,280189
250,285364
250,289291
250,284255
255,291177
255,291165
255,291114
255,291162
255,291132
255,291146
255,291128
255,291100
255,291125
260,302579
260,305024
260,302476
260,302554
260,302600
260,302569
260,302525
260,302535
260,302538
265,314047
265,314027
265,313987
265,314155
265,314071
265,313996
265,314041
265,314062
265,314048
270,326109
270,326356
270,329460
270,326076
270,326063
270,326485
270,319564
270,319505
270,319556
275,334690
275,334711
275,334662
275,338060
275,338062
275,338116
275,338072
275,338108
275,338048
280,347217
280,347245
280,348469
280,350759
280,350632
280,350686
280,350625
280,350638
280,350780
285,362737
285,362806
285,362861
285,359229
285,359184
285,359195
285,359179
285,359203
285,359205
290,372395
290,372706
290,372847
290,376147
290,376180
290,376090
290,376096
290,376120
290,376196
295,390103
295,390905
295,388912
295,385143
295,385021
295,385127
295,385563
295,385122
295,385122
300,402815
300,402914
300,402868
300,398915
300,398833
300,398905
300,398873
300,398842
300,398848
305,416314
305,416279
305,416208
305,416213
305,418979
305,416223
305,412036
305,412033
305,412161
310,429986
310,429931
310,430112
310,429941
310,430042
310,429969
310,429981
310,429976
310,430184
315,440840
315,439590
315,439590
315,444119
315,444086
315,444071
315,444124
315,444038
315,444067
320,461327
320,461226
320,461338
320,461209
320,461200
320,461328
320,461304
320,461375
320,461367
325,472488
325,472536
325,472484
325,472637
325,472486
325,472537
325,472492
325,472492
325,472695
330,482485
330,484786
330,482520
330,487322
330,487372
330,487293
330,487356
330,487361
330,487362
335,502399
335,502398
335,502538
335,502475
335,502514
335,502375
335,497442
335,500340
335,497526
340,517974
340,517888
340,517806
340,512693
340,512776
340,512695
340,517999
340,517795
340,517758
345,532666
345,532940
345,532757
345,532667
345,532721
345,534480
345,532685
345,538314
345,532577
350,548334
350,548395
350,548326
350,548463
350,548211
350,550890
350,548331
350,548378
350,548295
355,564862
355,564072
355,564071
355,564244
355,564083
355,567463
355,564132
355,564026
355,567047
360,574832
360,574953
360,574790
360,580724
360,580504
360,580502
360,580645
360,587727
360,580456
365,596531
365,599348
365,600325
365,596506
365,596501
365,596556
365,597389
365,596646
365,596506
370,613130
370,612949
370,615809
370,607181
370,606983
370,607068
370,613127
370,613184
370,613236
375,623485
375,623561
375,623622
375,630408
375,629975
375,643035
375,629866
375,630762
375,629840
380,647532
380,647538
380,647556
380,647439
380,647552
380,647451
380,647347
380,647441
380,647468
385,668690
385,664703
385,664727
385,665480
385,664863
385,664777
385,658009
385,657995
385,657993
390,682760
390,695822
390,682663
390,682710
390,683552
390,682723
390,682806
390,682684
390,738346
395,700441
395,700441
395,700600
395,700395
395,703824
395,700378
395,693381
395,693385
395,697687
400,713250
400,713387
400,713880
400,720524
400,720478
400,720420
400,720440
400,720493
400,720591
405,729255
405,729372
405,730596
405,729382
405,729356
405,729220
405,729393
405,729481
405,729252
410,754842
410,755551
410,754983
410,754871
410,754696
410,754852
410,754668
410,757246
410,754668
415,773383
415,773553
415,773417
415,773344
415,776562
415,773449
415,773571
415,773262
415,776659
420,784862
420,784954
420,785727
420,792894
420,792797
420,795014
420,796118
420,792807
420,806711
425,811087
425,811231
425,811240
425,811257
425,811007
425,811079
425,811296
425,811148
425,811430
430,834175
430,830080
430,830185
430,831744
430,830427
430,830360
430,830254
430,830302
430,840320
435,849775
435,850999
435,849663
435,849983
435,849688
435,912696
435,849667
435,849767
435,849842
440,862024
440,862258
440,862974
440,861991
440,862189
440,862256
440,870639
440,870769
440,872247
445,889409
445,889718
445,889739
445,889484
445,891302
445,889547
445,889346
445,893495
445,889446
450,909910
450,911900
450,910229
450,901232
450,900854
450,901091
450,909904
450,909974
450,909994
455,930184
455,930126
455,930022
455,930047
455,930205
455,930065
455,933965
455,930372
455,930866
460,951078
460,952223
460,951886
460,953160
460,955192
460,951506
460,950877
460,951647
460,951472
465,971911
465,974929
465,971499
465,971522
465,1018975
465,986778
465,962248
465,961778
465,962185
470,1000828
470,992889
470,1009548
470,993034
470,992845
470,993901
470,997271
470,1015514
470,994594
475,1014929
475,1015093
475,1014060
475,1014020
475,1018748
475,1019103
475,1015295
475,1015769
475,1031241
480,1038977
480,1041838
480,1039125
480,1042479
480,1039411
480,1039192
480,1032119
480,1028119
480,1030424
485,1056932
485,1056942
485,1063783
485,1057132
485,1056912
485,1056975
485,1057478
485,1056902
485,1057255
490,1079388
490,1081159
490,1079463
490,1079797
490,1080151
490,1079567
490,1080509
490,1082825
490,1079162
495,1101561
495,1101992
495,1101336
495,1090499
495,1090448
495,1089896
495,1105734
495,1105557
495,1101321
500,1125979
500,1124311
500,1123961
500,1128282
500,1126199
500,1127105
500,1124623
500,1124321
500,1124147
505,1146698
505,1146849
505,1148011
505,1147120
505,1146847
505,1148663
505,1146852
505,1146916
505,1149120
510,1172972
510,1169912
510,1170020
510,1169435
510,1169874
510,1169554
510,1175082
510,1170159
510,1169698
515,1192497
515,1192097
515,1192212
515,1191723
515,1195922
515,1194637
515,1192793
515,1192527
515,1192431
520,1222525
520,1223529
520,1219863
520,1217831
520,1218218
520,1218230
520,1218021
520,1219756
520,1217961
525,1239635
525,1240680
525,1239378
525,1239717
525,1244386
525,1241893
525,1239519
525,1239950
525,1239705
530,1264572
530,1263839
530,1264024
530,1264055
530,1332472
530,1265791
530,1270793
530,1271712
530,1265995
535,1291433
535,1288314
535,1288105
535,1295125
535,1292472
535,1287812
535,1288256
535,1290346
535,1288424
540,1318976
540,1314726
540,1314994
540,1313980
540,1313241
540,1314724
540,1300917
540,1305066
540,1301088
545,1341490
545,1339970
545,1339527
545,1340303
545,1339058
545,1340369
545,1338809
545,1339204
545,1337542
550,1376138
550,1363954
550,1363726
550,1365122
550,1368190
550,1364320
550,1365632
550,1363809
550,1364336
555,1390289
555,1389592
555,1394007
555,1374351
555,1375269
555,1375830
555,1389196
555,1391034
555,1391552
560,1405253
560,1409869
560,1403844
560,1419598
560,1420116
560,1421174
560,1425287
560,1420318
560,1428097
565,1440229
565,1438805
565,1438968
565,1439790
565,1440593
565,1459768
565,1441730
565,1444268
565,1440710
570,1471094
570,1466743
570,1478123
570,1471721
570,1467425
570,1466849
570,1487013
570,1490631
570,1472236
575,1495462
575,1496069
575,1495489
575,1498091
575,1494506
575,1496611
575,1495859
575,1496322
575,1493561
580,1642718
580,1525976
580,1532012
580,1526946
580,1529734
580,1525791
580,1527351
580,1528215
580,1536107
585,1558956
585,1558652
585,1552740
585,1561858
585,1551864
585,1555595
585,1553411
585,1551471
585,1556835
590,1603930
590,1582292
590,1585770
590,1586971
590,1581879
590,1588321
590,1585366
590,1581466
590,1589746
595,1612335
595,1612759
595,1617552
595,1612466
595,1625143
595,1615248
595,1611722
595,1621913
595,1614313
600,1652978
600,1646063
600,1717964
600,1639022
600,1649721
600,1639512
600,1630354
600,1631867
600,1632940
605,1677500
605,1687831
605,1682229
605,1677586
605,1691120
605,1683002
605,1681937
605,1683407
605,1686982
610,1717301
610,1719652
610,1725792
610,1720188
610,1718497
610,1718842
610,1718880
610,1718060
610,1722656
615,1751392
615,1747474
615,1752873
615,1752560
615,1750943
615,1751730
615,1756142
615,1750786
615,1749337
620,1806959
620,1796188
620,1794345
620,1797241
620,1788206
620,1788524
620,1787756
620,1793768
620,1791409
625,1828103
625,1828836
625,1826921
625,1804453
625,1810011
625,1812102
625,1828591
625,1824993
625,1830423
630,1877408
630,1875860
630,1884342
630,1875817
630,1877019
630,1876514
630,1877471
630,1898113
630,1884210
635,1921047
635,1929065
635,1926765
635,1928460
635,1926214
635,1928343
635,1884891
635,1889791
635,1899120
640,1965386
640,1958824
640,1958646
640,1960578
640,1958694
640,1959735
640,1960570
640,1964241
640,1954726
645,2037356
645,2030437
645,2032342
645,2029667
645,2011018
645,2011182
645,2030469
645,2033062
645,2032798
650,2082333
650,2082948
650,2082240
650,2086170
650,2085345
650,2084371
650,2083343
650,2084797
650,2082721
655,2124308
655,2123771
655,2126026
655,2124584
655,2123795
655,2122733
655,2122890
655,2124063
655,2123272
660,2163635
660,2160207
660,2162035
660,2161370
660,2162441
660,2165258
660,2161196
660,2164404
660,2161683
665,2200309
665,2200673
665,2199846
665,2198824
665,2199408
665,2200701
665,2200159
665,2199387
665,2198183
670,2235542
670,2255819
670,2239187
670,2236218
670,2236651
670,2237897
670,2215055
670,2221765
670,2213966
675,2276873
675,2277813
675,2276002
675,2275798
675,2275841
675,2278678
675,2275545
675,2276926
675,2276372
680,2317307
680,2317241
680,2317921
680,2316013
680,2316626
680,2316181
680,2316519
680,2316766
680,2316035
685,2351305
685,2347630
685,2348638
685,2347031
685,2347147
685,2347619
685,2347321
685,2347010
685,2347388
690,2383517
690,2384771
690,2383661
690,2359221
690,2371636
690,2360852
690,2383323
690,2383275
690,2384009
695,2420752
695,2420961
695,2419535
695,2421506
695,2420664
695,2420069
695,2419272
695,2419907
695,2420161
700,2457112
700,2457584
700,2455685
700,2456314
700,2455987
700,2457090
700,2456511
700,2456172
700,2455897
705,2493660
705,2493636
705,2494450
705,2494038
705,2493998
705,2493890
705,2494282
705,2494304
705,2495635
710,2530645
710,2529453
710,2529832
710,2529371
710,2529480
710,2530941
710,2531127
710,2530238
710,2529570
715,2542075
715,2542215
715,2542915
715,2568618
715,2567858
715,2568372
715,2568582
715,2569002
715,2568621
720,2608645
720,2607745
720,2607945
720,2581871
720,2582190
720,2582263
720,2582498
720,2581492
720,2581687
725,2639765
725,2651643
725,2639276
725,2639144
725,2639317
725,2639195
725,2639573
725,2642597
725,2640349
730,2677191
730,2676953
730,2676775
730,2676718
730,2677577
730,2676312
730,2676853
730,2677397
730,2676756
735,2713955
735,2715478
735,2715254
735,2714384
735,2714176
735,2723443
735,2714361
735,2714262
735,2714050
740,2750893
740,2750526
740,2756819
740,2751176
740,2750776
740,2750866
740,2750767
740,2750614
740,2750644
745,2784417
745,2783863
745,2784180
745,2756410
745,2768055
745,2758556
745,2784535
745,2784047
745,2784318
750,2837752
750,2827947
750,2826809
750,2827021
750,2827024
750,2826980
750,2828165
750,2825879
750,2827092
755,2866729
755,2866767
755,2867506
755,2866957
755,2866647
755,2867020
755,2866889
755,2866324
755,2867384
760,2916767
760,2918384
760,2917654
760,2918308
760,2918579
760,2917624
760,2916637
760,2917700
760,2917753
765,2915804
765,2915189
765,2914893
765,2943931
765,2944995
765,2955500
765,2943898
765,2944844
765,2944179
770,2981555
770,2992894
770,2981082
770,2951601
770,2951259
770,2957099
770,2981381
770,2981454
770,2980647
775,3019228
775,3019399
775,3024933
775,3018559
775,3018896
775,3018843
775,2989562
775,2990244
775,2989763
780,3058040
780,3057827
780,3058271
780,3070697
780,3058149
780,3058343
780,3057563
780,3058831
780,3069486
785,3068854
785,3067831
785,3068714
785,3100066
785,3100354
785,3100422
785,3068381
785,3069380
785,3069225
790,3138737
790,3137406
790,3138177
790,3138103
790,3136900
790,3138098
790,3137945
790,3137932
790,3137841
795,3180594
795,3180039
795,3179434
795,3179928
795,3180685
795,3191880
795,3180395
795,3179998
795,3179706
800,3224456
800,3224667
800,3223128
800,3223790
800,3223652
800,3225355
800,3223038
800,3223517
800,3223916
805,3270630
805,3269186
805,3262798
805,3256392
805,3255847
805,3256185
805,3256929
805,3256117
805,3258560
810,3302631
810,3308086
810,3301647
810,3300894
810,3300754
810,3301067
810,3313095
810,3301366
810,3300716
815,3342675
815,3342242
815,3342827
815,3342424
815,3342754
815,3342356
815,3354701
815,3341702
815,3342568
820,3384904
820,3384624
820,3384860
820,3384733
820,3384241
820,3384120
820,3397028
820,3385023
820,3384220
825,3433530
825,3424033
825,3424203
825,3423760
825,3425002
825,3425677
825,3390395
825,3389503
825,3389910
830,3463712
830,3476253
830,3464356
830,3394761
830,3394520
830,3395637
830,3463711
830,3464047
830,3464683
835,3509297
835,3508638
835,3508743
835,3509001
835,3508429
835,3511133
835,3508639
835,3509497
835,3508176
840,3570279
840,3569378
840,3570538
840,3569564
840,3570937
840,3568909
840,3570703
840,3571210
840,3569811
845,3600836
845,3591764
845,3592259
845,3592328
845,3603406
845,3592584
845,3592355
845,3591903
845,3603439
850,3634661
850,3634466
850,3635455
850,3635673
850,3634420
850,3634384
850,3645095
850,3635383
850,3634484
855,3676950
855,3677614
855,3678989
855,3640715
855,3644359
855,3639990
855,3676790
855,3676922
855,3677326
860,3721310
860,3720609
860,3721210
860,3720820
860,3721430
860,3720717
860,3721032
860,3721002
860,3721096
865,3727191
865,3727016
865,3727685
865,3765048
865,3764645
865,3767673
865,3765196
865,3765744
865,3764328
870,3811483
870,3807262
870,3807819
870,3807234
870,3818078
870,3806426
870,3807123
870,3805801
870,3806356
875,3856291
875,3856609
875,3857403
875,3855577
875,3855741
875,3856284
875,3857104
875,3856918
875,3856153
880,3903211
880,3904978
880,3902838
880,3904254
880,3904494
880,3906002
880,3903702
880,3903992
880,3903396
885,3937793
885,3938715
885,3938867
885,3899377
885,3898766
885,3900012
885,3944384
885,3938912
885,3939014
890,3985345
890,3984868
890,3985529
890,3992949
890,3985910
890,3985141
890,3985558
890,3984251
890,3986115
895,4030522
895,4030779
895,4030159
895,4030768
895,4031350
895,4039949
895,4031159
895,4031356
895,4031873
900,4090181
900,4077878
900,4077886
900,4038089
900,4037109
900,4036529
900,4076563
900,4076146
900,4076804
905,4121498
905,4121371
905,4120958
905,4121629
905,4120991
905,4121817
905,4121530
905,4120509
905,4121867
910,4166034
910,4168288
910,4165668
910,4167323
910,4166615
910,4166555
910,4167176
910,4166391
910,4167196
915,4216426
915,4216823
915,4216409
915,4215903
915,4216088
915,4216779
915,4216076
915,4216689
915,4215816
920,4291447
920,4290524
920,4290790
920,4291236
920,4290179
920,4290190
920,4247432
920,4247506
920,4246974
925,4307477
925,4307432
925,4306354
925,4307890
925,4307673
925,4307604
925,4307908
925,4317518
925,4309405
930,4350827
930,4351490
930,4351847
930,4351466
930,4350916
930,4350652
930,4350574
930,4350717
930,4349428
935,4401293
935,4400707
935,4400726
935,4401057
935,4401886
935,4400856
935,4400717
935,4401167
935,4401766
940,4447418
940,4447656
940,4448017
940,4446322
940,4446804
940,4447436
940,4447626
940,4448573
940,4448274
945,4497323
945,4498046
945,4496264
945,4497390
945,4496515
945,4496420
945,4496228
945,4495536
945,4496265
950,4542253
950,4540540
950,4541250
950,4541790
950,4541406
950,4540403
950,4496246
950,4497623
950,4496316
955,4594361
955,4595339
955,4593993
955,4594872
955,4595048
955,4594700
955,4595190
955,4594711
955,4594433
960,4612941
960,4613131
960,4614444
960,4660231
960,4658255
960,4660035
960,4658921
960,4660424
960,4659687
965,4690624
965,4689475
965,4690573
965,4689571
965,4690889
965,4690329
965,4691022
965,4689943
965,4688997
970,4735185
970,4737022
970,4734907
970,4736091
970,4734474
970,4734765
970,4735551
970,4735144
970,4734957
975,4785302
975,4785810
975,4785558
975,4785293
975,4786065
975,4785617
975,4786258
975,4785489
975,4785477
980,4835723
980,4836429
980,4836582
980,4838023
980,4838158
980,4838386
980,4838319
980,4837647
980,4837478
985,4884302
985,4884801
985,4883545
985,4893499
985,4885106
985,4883888
985,4884622
985,4883707
985,4883121
990,4931353
990,4932061
990,4930219
990,4930009
990,4930918
990,4929857
990,4930165
990,4930202
990,4930441
995,4987318
995,4986612
995,4986926
995,4987689
995,4986742
995,4987187
995,4985778
995,4986521
995,4985797
1000,5068365
1000,5066663
1000,5067728
1000,5066970
1000,5069719
1000,5068774
1000,5067064
1000,5068124
1000,5067951
