10,1789
10,1526
10,1258
10,1302
10,1256
10,1264
10,1264
10,1255
10,1257
15,4573
15,4567
15,4575
15,4590
15,4601
15,4560
15,4568
15,4565
15,4562
20,10307
20,10300
20,10314
20,10305
20,10306
20,10297
20,10314
20,10320
20,10298
25,19738
25,19721
25,19731
25,19742
25,19740
25,19741
25,19748
25,19725
25,19798
30,34130
30,34048
30,34091
30,34063
30,34062
30,34128
30,34070
30,34090
30,34085
35,54556
35,54628
35,54616
35,54931
35,54756
35,54614
35,56124
35,54774
35,54586
40,81763
40,80329
40,80542
40,81771
40,80684
40,80363
40,81831
40,80549
40,80553
45,114665
45,114614
45,114535
45,116719
45,114802
45,114655
45,114678
45,114657
45,114592
50,157872
50,157228
50,156973
50,158208
50,157064
50,158016
50,157386
50,157038
50,157011
55,210768
55,209852
55,209814
55,209738
55,210267
55,210164
55,210798
55,209842
55,209782
60,272632
60,271942
60,271789
60,272639
60,271842
60,271803
60,272629
60,271852
60,271859
65,347931
65,348028
65,348154
65,348044
65,348739
65,348601
65,349649
65,348493
65,348563
70,437454
70,437372
70,437745
70,437997
70,437273
70,436926
70,437526
70,436638
70,437295
75,539690
75,540959
75,539571
75,540469
75,539566
75,539548
75,539442
75,541640
75,547497
80,657409
80,656245
80,657428
80,656627
80,657386
80,656430
80,657278
80,658011
80,656514
85,789559
85,788470
85,789414
85,789700
85,789365
85,789704
85,789745
85,788565
85,789721
90,925408
90,926900
90,925314
90,927521
90,925540
90,926588
90,926724
90,926903
90,925495
95,1094393
95,1095205
95,1094036
95,1095575
95,1094018
95,1094587
95,1094036
95,1103484
95,1094108
100,1276679
100,1276231
100,1276386
100,1276452
100,1277664
100,1276733
100,1276843
100,1276843
100,1276529
105,1483908
105,1484293
105,1483379
105,1483425
105,1484421
105,1483961
105,1483670
105,1484695
105,1485232
110,1705986
110,1717594
110,1703598
110,1703331
110,1704678
110,1703168
110,1703752
110,1702598
110,1703161
115,1949066
115,1951485
115,1947705
115,1947090
115,1948161
115,1947277
115,1947236
115,1947929
115,1948214
120,2209358
120,2208824
120,2207826
120,2209426
120,2208953
120,2209891
120,2209415
120,2208891
120,2209138
125,2503765
125,2502059
125,2502802
125,2515098
125,2503812
125,2503378
125,2502666
125,2501471
125,2503819
130,2813850
130,2814100
130,2814139
130,2812858
130,2812289
130,2811818
130,2817294
130,2812484
130,2812837
135,3136011
135,3136077
135,3135029
135,3136145
135,3136501
135,3136099
135,3135362
135,3135593
135,3136235
140,3527396
140,3526080
140,3526765
140,3526795
140,3526445
140,3526835
140,3538604
140,3526871
140,3527851
145,3905865
145,3903989
145,3906192
145,3905342
145,3906031
145,3904576
145,3905979
145,3904622
145,3905891
150,4329681
150,4330904
150,4329480
150,4342105
150,4330983
150,4331083
150,4331272
150,4330545
150,4331080
155,4786156
155,4797781
155,4787043
155,4787441
155,4790828
155,4787905
155,4786028
155,4788221
155,4791853
160,6197500
160,6199686
160,6199037
160,6198070
160,6211203
160,6199042
160,6198786
160,6198148
160,6199881
165,5777149
165,5778153
165,5779089
165,5776975
165,5778251
165,5789629
165,5778762
165,5778317
165,5778085
170,6349540
170,6361746
170,6346548
170,6346476
170,6346461
170,6346836
170,6350872
170,6348591
170,6347961
175,6917736
175,6928714
175,6917399
175,6917553
175,6918000
175,6922651
175,6916525
175,6923442
175,6917758
180,7505547
180,7515164
180,7501044
180,7501449
180,7500968
180,7500196
180,7501259
180,7503271
180,7501907
185,8143030
185,8126499
185,8128517
185,8124808
185,8125681
185,8126787
185,8127378
185,8139844
185,8127963
190,8860604
190,8859851
190,8861245
190,8859796
190,8860559
190,8868218
190,8859265
190,8860182
190,8858956
195,10629637
195,10619008
195,10617534
195,10619260
195,10620121
195,10618282
195,10621212
195,10621393
195,10632224
200,10283060
200,10283301
200,10298334
200,10285183
200,10284410
200,10290085
200,10287788
200,10285513
200,10280645
205,12543684
205,12557932
205,12546486
205,12542981
205,12553098
205,12540827
205,12540808
205,12546720
205,12540493
210,12118319
210,12115027
210,12118756
210,12117513
210,12123771
210,12113412
210,12117916
210,12118235
210,12120173
215,12883613
215,12886954
215,12885694
215,12884294
215,12884544
215,12900665
215,12888142
215,12888356
215,12885144
220,13878669
220,13894487
220,13883224
220,13888405
220,13886635
220,13893946
220,13881515
220,13880135
220,13880201
225,15042312
225,15025970
225,15026539
225,15021836
225,15037622
225,15022914
225,15024384
225,15018592
225,15038869
230,15751462
230,15750696
230,15754893
230,15781187
230,15756833
230,15765063
230,15752414
230,15754431
230,15772811
235,16890959
235,16900296
235,16920421
235,16890157
235,16894258
235,16902770
235,16900816
235,16868792
235,16895629
240,19585319
240,19562327
240,19560312
240,19560417
240,19567141
240,19564265
240,19562381
240,19573735
240,19563519
245,20678875
245,20698165
245,20688523
245,20687378
245,20693245
245,20685285
245,20680774
245,20682121
245,20681017
250,20793304
250,20791021
250,20802753
250,20820222
250,20796949
250,20820938
250,20812091
250,20813848
250,20815348
255,21631598
255,21644385
255,21658409
255,21636925
255,21647167
255,21645718
255,21641096
255,21638221
255,21651102
260,23611034
260,23615739
260,24044012
260,23618207
260,23617667
260,23630765
260,23612778
260,23619553
260,23633965
265,26830522
265,26798633
265,26798569
265,26814655
265,26783379
265,26801695
265,26812233
265,26801118
265,26854577
270,28115307
270,28015814
270,28016259
270,28006017
270,28018141
270,28024024
270,28255213
270,28032754
270,28052585
275,30764705
275,30661820
275,30709126
275,30664993
275,30662218
275,30697026
275,30690235
275,30664401
275,30660598
280,32515999
280,32526966
280,32484697
280,32472171
280,32524001
280,32615117
280,32485704
280,32466230
280,32473029
285,34860760
285,34750342
285,34762865
285,34807128
285,34751954
285,34758410
285,34732551
285,34734958
285,34719295
290,36827960
290,37013081
290,36799777
290,36744959
290,36739171
290,36797093
290,36740489
290,36888507
290,36912591
295,39154809
295,38969252
295,39023498
295,38923474
295,38910563
295,38929382
295,39043482
295,38970369
295,38979527
300,41409062
300,41189863
300,41259792
300,41420894
300,41250429
300,41202006
300,41291118
300,41303521
300,41341451
305,43158648
305,43051190
305,42999016
305,42974622
305,43159845
305,43077052
305,43269221
305,43165969
305,43047671
310,46089273
310,46117382
310,45985767
310,46108499
310,45971595
310,46156686
310,46167954
310,46002059
310,46094154
315,47362732
315,47428755
315,47428443
315,47529619
315,47359938
315,47610899
315,47374649
315,47383544
315,47347729
320,49733174
320,49701470
320,49831229
320,49764657
320,49743413
320,49731126
320,49776713
320,49824175
320,49864838
325,53647698
325,53440808
325,53591794
325,53230963
325,53329541
325,53691118
325,53543073
325,53230762
325,53730775
330,55709938
330,55936304
330,55731509
330,56050408
330,55968828
330,55973412
330,56020558
330,56156267
330,55954810
335,58650014
335,58936255
335,58649215
335,58510350
335,58669120
335,58862991
335,58372122
335,58500788
335,59032369
340,60904721
340,61026694
340,61206204
340,60957731
340,60886403
340,60892856
340,61434367
340,61216754
340,61136584
345,63986026
345,64390932
345,64125085
345,64239363
345,64239534
345,64288757
345,64238493
345,64266593
345,64508489
350,67437161
350,67248855
350,67231099
350,67595297
350,67386853
350,67340988
350,67330561
350,67460906
350,67324793
355,70449244
355,70584323
355,70533417
355,70078965
355,70537177
355,70359018
355,70535480
355,70302587
355,70307353
360,73549096
360,73341222
360,73478606
360,73525504
360,73536138
360,73459614
360,73386528
360,73488710
360,73590936
365,77555999
365,77390711
365,77170644
365,77431673
365,77178188
365,76917391
365,78195363
365,77285895
365,77350164
370,81844468
370,81651285
370,81813723
370,81855991
370,81759581
370,81650330
370,81999657
370,81058490
370,81868013
375,86520142
375,86557452
375,86380392
375,86318419
375,86768752
375,86507230
375,86350125
375,87148956
375,86509382
380,91127120
380,91299285
380,90999441
380,92077300
380,91210871
380,91186003
380,91192240
380,92086392
380,91275369
385,95645228
385,95502943
385,95595392
385,95546782
385,95400909
385,95255917
385,95486883
385,96132874
385,96770983
390,100535584
390,101285982
390,100704950
390,101514181
390,100690576
390,103264055
390,101508325
390,101258142
390,100850727
395,106307913
395,107282730
395,106889630
395,106820355
395,107297016
395,106897409
395,106184417
395,105939960
395,106845172
400,111208288
400,110189402
400,111148493
400,110195292
400,111196675
400,110238496
400,110221355
400,110216887
400,110379113
405,116983531
405,117921050
405,117698885
405,117834310
405,117813046
405,117872736
405,116829613
405,117793905
405,116768869
410,120261634
410,121211929
410,120608929
410,121378805
410,121376452
410,121309389
410,121300505
410,121305710
410,120494566
415,126662969
415,125891184
415,126699069
415,125963017
415,125848268
415,125958302
415,126803422
415,126887594
415,125774450
420,130616579
420,131362084
420,131478249
420,131519697
420,131484053
420,131366325
420,131357592
420,130479138
420,131496898
425,136421810
425,135331704
425,136506557
425,136331591
425,136378457
425,136448067
425,136275499
425,136316309
425,136318352
430,140378077
430,141344112
430,141394252
430,140354249
430,140200375
430,141527710
430,141308242
430,140386727
430,141251774
435,145414238
435,147226111
435,146999848
435,145923359
435,146833866
435,146595497
435,145519663
435,145453014
435,145673973
440,150589566
440,150495487
440,150787933
440,152065266
440,150752504
440,152112831
440,151659209
440,151938791
440,151800972
445,157159147
445,157192089
445,156254934
445,157295623
445,157478599
445,157419397
445,156215886
445,157403611
445,156335292
450,162683725
450,162540632
450,161591985
450,162841829
450,162647891
450,162730982
450,162685494
450,161688640
450,162725374
455,166943296
455,167024732
455,168240861
455,168523542
455,168365215
455,168545960
455,167134741
455,167249517
455,168268682
460,174080908
460,173947682
460,174287937
460,174163356
460,174119291
460,173071081
460,172984802
460,173093979
460,173957254
465,180038208
465,180037893
465,180491017
465,179790329
465,180122165
465,179015189
465,180107360
465,180077696
465,179850231
470,186192713
470,186306503
470,185877793
470,186080615
470,186154711
470,186277815
470,186123665
470,184697829
470,186420340
475,191061124
475,191044827
475,192144319
475,192294124
475,192304931
475,192108035
475,192309867
475,190983305
475,192253654480,193607566
480,193591311
480,193594677
480,193410618
480,193422544
480,193665048
480,193665877
480,192156801
480,193555099
485,205103762
485,204047035
485,204965761
485,204012232
485,205284320
485,205141332
485,205175841
485,205098447
485,203887955
490,210604014
490,210848727
490,211012874
490,210532647
490,210717985
490,210958900
490,210788624
490,210724218
490,211093807
495,218371340
495,218117938
495,218555896
495,218186449
495,218207818
495,218259306
495,218141166
495,218544264
495,218346796
500,224957054
500,224006498
500,225148719
500,225170274
500,225166480
500,225135648
500,225395221
500,224857726
500,225125260
505,233394932
505,233219423
505,233180182
505,233113875
505,233172046
505,233594980
505,233150692
505,233197716
505,233052814
510,241814851
510,242230653
510,241905318
510,242004663
510,241994873
510,241770940
510,242313244
510,242030994
510,241903928
515,251535534
515,251363109
515,251778543
515,251335599
515,251386465
515,251227302
515,251339167
515,251774821
515,251293519
520,254859883
520,254655255
520,254545201
520,254618067
520,254596798
520,254844855
520,254748506
520,254682405
520,254876766
525,262740353
525,262477862
525,264130728
525,262885466
525,262579096
525,262792393
525,262634704
525,262630092
525,262439584
530,269486711
530,269967943
530,269943187
530,269786170
530,269337253
530,269850878
530,269362561
530,269454914
530,269520623
535,280568299
535,278666847
535,278697055
535,278619253
535,280120210
535,278803645
535,278707563