50	0	1	1	fh156
50	0	1	2	fh156
50	0	1	3	fh158
50	0	1	4	fh155
50	0	1	5	fh157
50	0	1	1	fh259
50	0	1	2	fh258
50	0	1	3	fh258
50	0	1	4	fh260
50	0	1	5	fh261
50	0	1	1	bhp54
50	0	1	2	bhp58
50	0	1	3	bhp53
50	0	1	4	bhp52
50	0	1	5	bhp51
50	0	2	1	fh155
50	0	2	2	fh156
50	0	2	3	fh156
50	0	2	4	fh159
50	0	2	5	fh156
50	0	2	1	fh256
50	0	2	2	fh258
50	0	2	3	fh257
50	0	2	4	fh257
50	0	2	5	fh256
50	0	2	1	bhp57
50	0	2	2	bhp53
50	0	2	3	bhp58
50	0	2	4	bhp58
50	0	2	5	bhp55
50	0	3	1	fh156
50	0	3	2	fh155
50	0	3	3	fh156
50	0	3	4	fh154
50	0	3	5	fh155
50	0	3	1	fh258
50	0	3	2	fh258
50	0	3	3	fh258
50	0	3	4	fh258
50	0	3	5	fh258
50	0	3	1	bhp53
50	0	3	2	bhp53
50	0	3	3	bhp53
50	0	3	4	bhp51
50	0	3	5	bhp67
50	0	4	1	fh165
50	0	4	2	fh163
50	0	4	3	fh161
50	0	4	4	fh156
50	0	4	5	fh156
50	0	4	1	fh258
50	0	4	2	fh257
50	0	4	3	fh261
50	0	4	4	fh259
50	0	4	5	fh257
50	0	4	1	bhp53
50	0	4	2	bhp53
50	0	4	3	bhp61
50	0	4	4	bhp62
50	0	4	5	bhp57
50	0	5	1	fh155
50	0	5	2	fh159
50	0	5	3	fh156
50	0	5	4	fh156
50	0	5	5	fh158
50	0	5	1	fh271
50	0	5	2	fh260
50	0	5	3	fh257
50	0	5	4	fh269
50	0	5	5	fh258
50	0	5	1	bhp53
50	0	5	2	bhp53
50	0	5	3	bhp51
50	0	5	4	bhp51
50	0	5	5	bhp56
50	1	1	1	fh161
50	1	1	2	fh162
50	1	1	3	fh161
50	1	1	4	fh161
50	1	1	5	fh160
50	1	1	1	fh266
50	1	1	2	fh271
50	1	1	3	fh264
50	1	1	4	fh263
50	1	1	5	fh266
50	1	1	1	bhp60
50	1	1	2	bhp60
50	1	1	3	bhp56
50	1	1	4	bhp57
50	1	1	5	bhp57
50	1	2	1	fh161
50	1	2	2	fh163
50	1	2	3	fh160
50	1	2	4	fh160
50	1	2	5	fh161
50	1	2	1	fh264
50	1	2	2	fh264
50	1	2	3	fh264
50	1	2	4	fh263
50	1	2	5	fh264
50	1	2	1	bhp56
50	1	2	2	bhp62
50	1	2	3	bhp60
50	1	2	4	bhp65
50	1	2	5	bhp64
50	1	3	1	fh160
50	1	3	2	fh165
50	1	3	3	fh162
50	1	3	4	fh160
50	1	3	5	fh162
50	1	3	1	fh262
50	1	3	2	fh263
50	1	3	3	fh296
50	1	3	4	fh264
50	1	3	5	fh263
50	1	3	1	bhp63
50	1	3	2	bhp57
50	1	3	3	bhp65
50	1	3	4	bhp61
50	1	3	5	bhp59
50	1	4	1	fh176
50	1	4	2	fh165
50	1	4	3	fh162
50	1	4	4	fh161
50	1	4	5	fh163
50	1	4	1	fh263
50	1	4	2	fh265
50	1	4	3	fh264
50	1	4	4	fh292
50	1	4	5	fh265
50	1	4	1	bhp58
50	1	4	2	bhp59
50	1	4	3	bhp59
50	1	4	4	bhp58
50	1	4	5	bhp59
50	1	5	1	fh162
50	1	5	2	fh162
50	1	5	3	fh161
50	1	5	4	fh162
50	1	5	5	fh161
50	1	5	1	fh268
50	1	5	2	fh264
50	1	5	3	fh270
50	1	5	4	fh267
50	1	5	5	fh265
50	1	5	1	bhp57
50	1	5	2	bhp57
50	1	5	3	bhp59
50	1	5	4	bhp57
50	1	5	5	bhp57
50	2	1	1	fh163
50	2	1	2	fh162
50	2	1	3	fh163
50	2	1	4	fh163
50	2	1	5	fh163
50	2	1	1	fh265
50	2	1	2	fh266
50	2	1	3	fh268
50	2	1	4	fh267
50	2	1	5	fh268
50	2	1	1	bhp60
50	2	1	2	bhp70
50	2	1	3	bhp72
50	2	1	4	bhp59
50	2	1	5	bhp64
50	2	2	1	fh166
50	2	2	2	fh166
50	2	2	3	fh164
50	2	2	4	fh163
50	2	2	5	fh164
50	2	2	1	fh268
50	2	2	2	fh267
50	2	2	3	fh266
50	2	2	4	fh266
50	2	2	5	fh266
50	2	2	1	bhp61
50	2	2	2	bhp59
50	2	2	3	bhp62
50	2	2	4	bhp60
50	2	2	5	bhp60
50	2	3	1	fh164
50	2	3	2	fh166
50	2	3	3	fh164
50	2	3	4	fh165
50	2	3	5	fh163
50	2	3	1	fh272
50	2	3	2	fh269
50	2	3	3	fh267
50	2	3	4	fh267
50	2	3	5	fh266
50	2	3	1	bhp60
50	2	3	2	bhp60
50	2	3	3	bhp61
50	2	3	4	bhp60
50	2	3	5	bhp60
50	2	4	1	fh165
50	2	4	2	fh163
50	2	4	3	fh163
50	2	4	4	fh162
50	2	4	5	fh166
50	2	4	1	fh268
50	2	4	2	fh267
50	2	4	3	fh267
50	2	4	4	fh271
50	2	4	5	fh268
50	2	4	1	bhp63
50	2	4	2	bhp60
50	2	4	3	bhp62
50	2	4	4	bhp64
50	2	4	5	bhp59
50	2	5	1	fh166
50	2	5	2	fh164
50	2	5	3	fh172
50	2	5	4	fh163
50	2	5	5	fh162
50	2	5	1	fh266
50	2	5	2	fh267
50	2	5	3	fh267
50	2	5	4	fh266
50	2	5	5	fh268
50	2	5	1	bhp61
50	2	5	2	bhp61
50	2	5	3	bhp60
50	2	5	4	bhp60
50	2	5	5	bhp61
50	3	1	1	fh180
50	3	1	2	fh169
50	3	1	3	fh168
50	3	1	4	fh170
50	3	1	5	fh170
50	3	1	1	fh275
50	3	1	2	fh272
50	3	1	3	fh271
50	3	1	4	fh272
50	3	1	5	fh270
50	3	1	1	bhp65
50	3	1	2	bhp68
50	3	1	3	bhp63
50	3	1	4	bhp63
50	3	1	5	bhp63
50	3	2	1	fh168
50	3	2	2	fh170
50	3	2	3	fh171
50	3	2	4	fh167
50	3	2	5	fh173
50	3	2	1	fh275
50	3	2	2	fh276
50	3	2	3	fh271
50	3	2	4	fh286
50	3	2	5	fh286
50	3	2	1	bhp68
50	3	2	2	bhp65
50	3	2	3	bhp68
50	3	2	4	bhp70
50	3	2	5	bhp64
50	3	3	1	fh168
50	3	3	2	fh167
50	3	3	3	fh167
50	3	3	4	fh167
50	3	3	5	fh168
50	3	3	1	fh271
50	3	3	2	fh270
50	3	3	3	fh271
50	3	3	4	fh270
50	3	3	5	fh272
50	3	3	1	bhp72
50	3	3	2	bhp62
50	3	3	3	bhp63
50	3	3	4	bhp64
50	3	3	5	bhp63
50	3	4	1	fh167
50	3	4	2	fh175
50	3	4	3	fh171
50	3	4	4	fh167
50	3	4	5	fh167
50	3	4	1	fh271
50	3	4	2	fh274
50	3	4	3	fh273
50	3	4	4	fh271
50	3	4	5	fh270
50	3	4	1	bhp62
50	3	4	2	bhp65
50	3	4	3	bhp68
50	3	4	4	bhp65
50	3	4	5	bhp63
50	3	5	1	fh178
50	3	5	2	fh168
50	3	5	3	fh167
50	3	5	4	fh167
50	3	5	5	fh170
50	3	5	1	fh271
50	3	5	2	fh270
50	3	5	3	fh276
50	3	5	4	fh272
50	3	5	5	fh273
50	3	5	1	bhp67
50	3	5	2	bhp66
50	3	5	3	bhp63
50	3	5	4	bhp62
50	3	5	5	bhp63
50	4	1	1	fh172
50	4	1	2	fh171
50	4	1	3	fh172
50	4	1	4	fh172
50	4	1	5	fh172
50	4	1	1	fh274
50	4	1	2	fh274
50	4	1	3	fh272
50	4	1	4	fh273
50	4	1	5	fh277
50	4	1	1	bhp65
50	4	1	2	bhp65
50	4	1	3	bhp66
50	4	1	4	bhp66
50	4	1	5	bhp71
50	4	2	1	fh173
50	4	2	2	fh170
50	4	2	3	fh173
50	4	2	4	fh172
50	4	2	5	fh170
50	4	2	1	fh275
50	4	2	2	fh274
50	4	2	3	fh273
50	4	2	4	fh276
50	4	2	5	fh275
50	4	2	1	bhp66
50	4	2	2	bhp67
50	4	2	3	bhp64
50	4	2	4	bhp66
50	4	2	5	bhp66
50	4	3	1	fh172
50	4	3	2	fh173
50	4	3	3	fh171
50	4	3	4	fh170
50	4	3	5	fh179
50	4	3	1	fh279
50	4	3	2	fh276
50	4	3	3	fh278
50	4	3	4	fh275
50	4	3	5	fh289
50	4	3	1	bhp70
50	4	3	2	bhp66
50	4	3	3	bhp64
50	4	3	4	bhp50	0	1	1	fh1	66
50	0	1	2	fh1	66
50	0	1	3	fh1	59
50	0	1	4	fh1	55
50	0	1	5	fh1	57
50	0	1	1	fh2	64
50	0	1	2	fh2	104
50	0	1	3	fh2	70
50	0	1	4	fh2	57
50	0	1	5	fh2	57
50	0	1	1	bhp	61
50	0	1	2	bhp	54
50	0	1	3	bhp	53
50	0	1	4	bhp	53
50	0	1	5	bhp	53
50	0	2	1	fh1	55
50	0	2	2	fh1	53
50	0	2	3	fh1	54
50	0	2	4	fh1	56
50	0	2	5	fh1	55
50	0	2	1	fh2	58
50	0	2	2	fh2	58
50	0	2	3	fh2	58
50	0	2	4	fh2	59
50	0	2	5	fh2	57
50	0	2	1	bhp	54
50	0	2	2	bhp	55
50	0	2	3	bhp	54
50	0	2	4	bhp	61
50	0	2	5	bhp	52
50	0	3	1	fh1	60
50	0	3	2	fh1	55
50	0	3	3	fh1	57
50	0	3	4	fh1	56
50	0	3	5	fh1	54
50	0	3	1	fh2	60
50	0	3	2	fh2	59
50	0	3	3	fh2	57
50	0	3	4	fh2	58
50	0	3	5	fh2	57
50	0	3	1	bhp	53
50	0	3	2	bhp	52
50	0	3	3	bhp	53
50	0	3	4	bhp	53
50	0	3	5	bhp	53
50	0	4	1	fh1	60
50	0	4	2	fh1	56
50	0	4	3	fh1	56
50	0	4	4	fh1	55
50	0	4	5	fh1	55
50	0	4	1	fh2	67
50	0	4	2	fh2	56
50	0	4	3	fh2	67
50	0	4	4	fh2	57
50	0	4	5	fh2	57
50	0	4	1	bhp	52
50	0	4	2	bhp	53
50	0	4	3	bhp	53
50	0	4	4	bhp	53
50	0	4	5	bhp	55
50	0	5	1	fh1	56
50	0	5	2	fh1	55
50	0	5	3	fh1	56
50	0	5	4	fh1	56
50	0	5	5	fh1	55
50	0	5	1	fh2	64
50	0	5	2	fh2	62
50	0	5	3	fh2	59
50	0	5	4	fh2	67
50	0	5	5	fh2	58
50	0	5	1	bhp	55
50	0	5	2	bhp	56
50	0	5	3	bhp	53
50	0	5	4	bhp	52
50	0	5	5	bhp	53
50	1	1	1	fh1	60
50	1	1	2	fh1	62
50	1	1	3	fh1	60
50	1	1	4	fh1	62
50	1	1	5	fh1	64
50	1	1	1	fh2	63
50	1	1	2	fh2	63
50	1	1	3	fh2	63
50	1	1	4	fh2	63
50	1	1	5	fh2	64
50	1	1	1	bhp	58
50	1	1	2	bhp	57
50	1	1	3	bhp	57
50	1	1	4	bhp	58
50	1	1	5	bhp	58
50	1	2	1	fh1	60
50	1	2	2	fh1	64
50	1	2	3	fh1	61
50	1	2	4	fh1	61
50	1	2	5	fh1	62
50	1	2	1	fh2	63
50	1	2	2	fh2	62
50	1	2	3	fh2	62
50	1	2	4	fh2	63
50	1	2	5	fh2	63
50	1	2	1	bhp	56
50	1	2	2	bhp	56
50	1	2	3	bhp	58
50	1	2	4	bhp	57
50	1	2	5	bhp	57
50	1	3	1	fh1	59
50	1	3	2	fh1	60
50	1	3	3	fh1	60
50	1	3	4	fh1	63
50	1	3	5	fh1	60
50	1	3	1	fh2	63
50	1	3	2	fh2	76
50	1	3	3	fh2	66
50	1	3	4	fh2	71
50	1	3	5	fh2	65
50	1	3	1	bhp	57
50	1	3	2	bhp	59
50	1	3	3	bhp	56
50	1	3	4	bhp	56
50	1	3	5	bhp	56
50	1	4	1	fh1	60
50	1	4	2	fh1	59
50	1	4	3	fh1	62
50	1	4	4	fh1	60
50	1	4	5	fh1	60
50	1	4	1	fh2	66
50	1	4	2	fh2	64
50	1	4	3	fh2	64
50	1	4	4	fh2	63
50	1	4	5	fh2	66
50	1	4	1	bhp	57
50	1	4	2	bhp	59
50	1	4	3	bhp	59
50	1	4	4	bhp	60
50	1	4	5	bhp	66
50	1	5	1	fh1	66
50	1	5	2	fh1	62
50	1	5	3	fh1	61
50	1	5	4	fh1	65
50	1	5	5	fh1	65
50	1	5	1	fh2	64
50	1	5	2	fh2	72
50	1	5	3	fh2	63
50	1	5	4	fh2	64
50	1	5	5	fh2	63
50	1	5	1	bhp	56
50	1	5	2	bhp	57
50	1	5	3	bhp	65
50	1	5	4	bhp	55
50	1	5	5	bhp	56
50	2	1	1	fh1	63
50	2	1	2	fh1	66
50	2	1	3	fh1	66
50	2	1	4	fh1	63
50	2	1	5	fh1	65
50	2	1	1	fh2	67
50	2	1	2	fh2	68
50	2	1	3	fh2	66
50	2	1	4	fh2	67
50	2	1	5	fh2	66
50	2	1	1	bhp	60
50	2	1	2	bhp	62
50	2	1	3	bhp	60
50	2	1	4	bhp	59
50	2	1	5	bhp	59
50	2	2	1	fh1	65
50	2	2	2	fh1	65
50	2	2	3	fh1	67
50	2	2	4	fh1	65
50	2	2	5	fh1	64
50	2	2	1	fh2	68
50	2	2	2	fh2	68
50	2	2	3	fh2	74
50	2	2	4	fh2	67
50	2	2	5	fh2	69
50	2	2	1	bhp	69
50	2	2	2	bhp	64
50	2	2	3	bhp	63
50	2	2	4	bhp	63
50	2	2	5	bhp	61
50	2	3	1	fh1	67
50	2	3	2	fh1	65
50	2	3	3	fh1	65
50	2	3	4	fh1	65
50	2	3	5	fh1	66
50	2	3	1	fh2	72
50	2	3	2	fh2	76
50	2	3	3	fh2	84
50	2	3	4	fh2	83
50	2	3	5	fh2	75
50	2	3	1	bhp	60
50	2	3	2	bhp	60
50	2	3	3	bhp	61
50	2	3	4	bhp	61
50	2	3	5	bhp	61
50	2	4	1	fh1	67
50	2	4	2	fh1	68
50	2	4	3	fh1	64
50	2	4	4	fh1	67
50	2	4	5	fh1	65
50	2	4	1	fh2	66
50	2	4	2	fh2	67
50	2	4	3	fh2	68
50	2	4	4	fh2	68
50	2	4	5	fh2	69
50	2	4	1	bhp	61
50	2	4	2	bhp	60
50	2	4	3	bhp	61
50	2	4	4	bhp	61
50	2	4	5	bhp	60
50	2	5	1	fh1	64
50	2	5	2	fh1	64
50	2	5	3	fh1	63
50	2	5	4	fh1	64
50	2	5	5	fh1	65
50	2	5	1	fh2	71
50	2	5	2	fh2	70
50	2	5	3	fh2	70
50	2	5	4	fh2	70
50	2	5	5	fh2	72
50	2	5	1	bhp	65
50	2	5	2	bhp	61
50	2	5	3	bhp	62
50	2	5	4	bhp	60
50	2	5	5	bhp	60
50	3	1	1	fh1	70
50	3	1	2	fh1	69
50	3	1	3	fh1	69
50	3	1	4	fh1	73
50	3	1	5	fh1	69
50	3	1	1	fh2	72
50	3	1	2	fh2	71
50	3	1	3	fh2	72
50	3	1	4	fh2	71
50	3	1	5	fh2	73
50	3	1	1	bhp	64
50	3	1	2	bhp	65
50	3	1	3	bhp	67
50	3	1	4	bhp	67
50	3	1	5	bhp	68
50	3	2	1	fh1	85
50	3	2	2	fh1	71
50	3	2	3	fh1	70
50	3	2	4	fh1	72
50	3	2	5	fh1	70
50	3	2	1	fh2	71
50	3	2	2	fh2	74
50	3	2	3	fh2	70
50	3	2	4	fh2	74
50	3	2	5	fh2	73
50	3	2	1	bhp	66
50	3	2	2	bhp	64
50	3	2	3	bhp	63
50	3	2	4	bhp	66
50	3	2	5	bhp	67
50	3	3	1	fh1	70
50	3	3	2	fh1	70
50	3	3	3	fh1	98
50	3	3	4	fh1	76
50	3	3	5	fh1	71
50	3	3	1	fh2	73
50	3	3	2	fh2	74
50	3	3	3	fh2	76
50	3	3	4	fh2	76
50	3	3	5	fh2	73
50	3	3	1	bhp	66
50	3	3	2	bhp	64
50	3	3	3	bhp	65
50	3	3	4	bhp	64
50	3	3	5	bhp	66
50	3	4	1	fh1	70
50	3	4	2	fh1	71
50	3	4	3	fh1	69
50	3	4	4	fh1	67
50	3	4	5	fh1	70
50	3	4	1	fh2	77
50	3	4	2	fh2	72
50	3	4	3	fh2	72
50	3	4	4	fh2	73
50	3	4	5	fh2	72
50	3	4	1	bhp	64
50	3	4	2	bhp	74
50	3	4	3	bhp	65
50	3	4	4	bhp	67
50	3	4	5	bhp	72
50	3	5	1	fh1	74
50	3	5	2	fh1	70
50	3	5	3	fh1	71
50	3	5	4	fh1	70
50	3	5	5	fh1	69
50	3	5	1	fh2	73
50	3	5	2	fh2	73
50	3	5	3	fh2	